// Bayesian Network

variable N0_7muVerMo {
  type discrete [ 4 ] = { StrongUp, WeakUp, Neutral, Down };
}
variable SubjVertMo {
  type discrete [ 4 ] = { StronUp, WeakUp, Neutral, Down };
}
variable QGVertMotion {
  type discrete [ 4 ] = { StrongUp, WeakUp, Neutral, Down };
}
variable CombVerMo {
  type discrete [ 4 ] = { StrongUp, WeakUp, Neutral, Down };
}
variable AreaMeso_ALS {
  type discrete [ 4 ] = { StrongUp, WeakUp, Neutral, Down };
}
variable SatContMoist {
  type discrete [ 4 ] = { VeryWet, Wet, Neutral, Dry };
}
variable RaoContMoist {
  type discrete [ 4 ] = { VeryWet, Wet, Neutral, Dry };
}
variable CombMoisture {
  type discrete [ 4 ] = { VeryWet, Wet, Neutral, Dry };
}
variable AreaMoDryAir {
  type discrete [ 4 ] = { VeryWet, Wet, Neutral, Dry };
}
variable VISCloudCov {
  type discrete [ 3 ] = { Cloudy, PC, Clear };
}
variable IRCloudCover {
  type discrete [ 3 ] = { Cloudy, PC, Clear };
}
variable CombClouds {
  type discrete [ 3 ] = { Cloudy, PC, Clear };
}
variable CldShadeOth {
  type discrete [ 3 ] = { Cloudy, PC, Clear };
}
variable AMInstabMt {
  type discrete [ 3 ] = { None, Weak, Strong };
}
variable InsInMt {
  type discrete [ 3 ] = { None, Weak, Strong };
}
variable WndHodograph {
  type discrete [ 4 ] = { DCVZFavor, StrongWest, Westerly, Other };
}
variable OutflowFrMt {
  type discrete [ 3 ] = { None, Weak, Strong };
}
variable MorningBound {
  type discrete [ 3 ] = { None, Weak, Strong };
}
variable Boundaries {
  type discrete [ 3 ] = { None, Weak, Strong };
}
variable CldShadeConv {
  type discrete [ 3 ] = { None, Some, Marked };
}
variable CompPlFcst {
  type discrete [ 3 ] = { IncCapDecIns, LittleChange, DecCapIncIns };
}
variable CapChange {
  type discrete [ 3 ] = { Decreasing, LittleChange, Increasing };
}
variable LoLevMoistAd {
  type discrete [ 4 ] = { StrongPos, WeakPos, Neutral, Negative };
}
variable InsChange {
  type discrete [ 3 ] = { Decreasing, LittleChange, Increasing };
}
variable MountainFcst {
  type discrete [ 3 ] = { XNIL, SIG, SVR };
}
variable Date {
  type discrete [ 6 ] = { May15_Jun14, Jun15_Jul1, Jul2_Jul15, Jul16_Aug10, Aug11_Aug20, Aug20_Sep15 };
}
variable Scenario {
  type discrete [ 11 ] = { A, B, C, D, E, F, G, H, I, J, K };
}
variable ScenRelAMCIN {
  type discrete [ 2 ] = { AB, CThruK };
}
variable MorningCIN {
  type discrete [ 4 ] = { None, PartInhibit, Stifling, TotalInhibit };
}
variable AMCINInScen {
  type discrete [ 3 ] = { LessThanAve, Average, MoreThanAve };
}
variable CapInScen {
  type discrete [ 3 ] = { LessThanAve, Average, MoreThanAve };
}
variable ScenRelAMIns {
  type discrete [ 6 ] = { ABI, CDEJ, F, G, H, K };
}
variable LIfr12ZDENSd {
  type discrete [ 4 ] = { LIGt0, N1GtLIGt_4, N5GtLIGt_8, LILt_8 };
}
variable AMDewptCalPl {
  type discrete [ 3 ] = { Instability, Neutral, Stability };
}
variable AMInsWliScen {
  type discrete [ 3 ] = { LessUnstable, Average, MoreUnstable };
}
variable InsSclInScen {
  type discrete [ 3 ] = { LessUnstable, Average, MoreUnstable };
}
variable ScenRel3_4 {
  type discrete [ 5 ] = { ACEFK, B, D, GJ, HI };
}
variable LatestCIN {
  type discrete [ 4 ] = { None, PartInhibit, Stifling, TotalInhibit };
}
variable LLIW {
  type discrete [ 4 ] = { Unfavorable, Weak, Moderate, Strong };
}
variable CurPropConv {
  type discrete [ 4 ] = { None, Slight, Moderate, Strong };
}
variable ScnRelPlFcst {
  type discrete [ 11 ] = { A, B, C, D, E, F, G, H, I, J, K };
}
variable PlainsFcst {
  type discrete [ 3 ] = { XNIL, SIG, SVR };
}
variable N34StarFcst {
  type discrete [ 3 ] = { XNIL, SIG, SVR };
}
variable R5Fcst {
  type discrete [ 3 ] = { XNIL, SIG, SVR };
}
variable Dewpoints {
  type discrete [ 7 ] = { LowEvrywhere, LowAtStation, LowSHighN, LowNHighS, LowMtsHighPl, HighEvrywher, Other };
}
variable LowLLapse {
  type discrete [ 4 ] = { CloseToDryAd, Steep, ModerateOrLe, Stable };
}
variable MeanRH {
  type discrete [ 3 ] = { VeryMoist, Average, Dry };
}
variable MidLLapse {
  type discrete [ 3 ] = { CloseToDryAd, Steep, ModerateOrLe };
}
variable MvmtFeatures {
  type discrete [ 4 ] = { StrongFront, MarkedUpper, OtherRapid, NoMajor };
}
variable RHRatio {
  type discrete [ 3 ] = { MoistMDryL, DryMMoistL, Other };
}
variable SfcWndShfDis {
  type discrete [ 7 ] = { DenvCyclone, E_W_N, E_W_S, MovingFtorOt, DryLine, None, Other };
}
variable SynForcng {
  type discrete [ 5 ] = { SigNegative, NegToPos, SigPositive, PosToNeg, LittleChange };
}
variable TempDis {
  type discrete [ 4 ] = { QStationary, Moving, None, Other };
}
variable WindAloft {
  type discrete [ 4 ] = { LV, SWQuad, NWQuad, AllElse };
}
variable WindFieldMt {
  type discrete [ 2 ] = { Westerly, LVorOther };
}
variable WindFieldPln {
  type discrete [ 6 ] = { LV, DenvCyclone, LongAnticyc, E_NE, SEQuad, WidespdDnsl };
}
probability ( N0_7muVerMo ) {
    table 0.503700, 0.340600, 0.068700, 0.087000;
};

probability ( SubjVertMo ) {
    table 0.522000, 0.081000, 0.218100, 0.178900;
};

probability ( QGVertMotion ) {
    table 0.096200, 0.568200, 0.298700, 0.036900;
};

probability ( CombVerMo | N0_7muVerMo, SubjVertMo, QGVertMotion ) {
    ( StrongUp, StronUp, StrongUp ) 0.422200, 0.127600, 0.141800, 0.308300;
    ( StrongUp, StronUp, WeakUp ) 0.007800, 0.413600, 0.316400, 0.262100;
    ( StrongUp, StronUp, Neutral ) 0.247300, 0.552300, 0.071300, 0.129000;
    ( StrongUp, StronUp, Down ) 0.140300, 0.072300, 0.583900, 0.203500;
    ( StrongUp, WeakUp, StrongUp ) 0.184800, 0.385000, 0.224400, 0.205800;
    ( StrongUp, WeakUp, WeakUp ) 0.322000, 0.100100, 0.364500, 0.213400;
    ( StrongUp, WeakUp, Neutral ) 0.552500, 0.009800, 0.296200, 0.141500;
    ( StrongUp, WeakUp, Down ) 0.465400, 0.000000, 0.000000, 0.534600;
    ( StrongUp, Neutral, StrongUp ) 0.101600, 0.000000, 0.282400, 0.616000;
    ( StrongUp, Neutral, WeakUp ) 0.367200, 0.267800, 0.126100, 0.238900;
    ( StrongUp, Neutral, Neutral ) 0.114900, 0.344000, 0.452000, 0.089000;
    ( StrongUp, Neutral, Down ) 0.070700, 0.048800, 0.106800, 0.773700;
    ( StrongUp, Down, StrongUp ) 0.260700, 0.123700, 0.196500, 0.419100;
    ( StrongUp, Down, WeakUp ) 0.102700, 0.282500, 0.460200, 0.154600;
    ( StrongUp, Down, Neutral ) 0.102800, 0.762700, 0.047000, 0.087500;
    ( StrongUp, Down, Down ) 0.029800, 0.351100, 0.445100, 0.174000;
    ( WeakUp, StronUp, StrongUp ) 0.378800, 0.070600, 0.355700, 0.194800;
    ( WeakUp, StronUp, WeakUp ) 0.150100, 0.227100, 0.323500, 0.299300;
    ( WeakUp, StronUp, Neutral ) 0.445000, 0.024000, 0.295900, 0.235100;
    ( WeakUp, StronUp, Down ) 0.242600, 0.102400, 0.638700, 0.016300;
    ( WeakUp, WeakUp, StrongUp ) 0.474100, 0.170100, 0.355900, 0.000000;
    ( WeakUp, WeakUp, WeakUp ) 0.138200, 0.090500, 0.579500, 0.191800;
    ( WeakUp, WeakUp, Neutral ) 0.378000, 0.373600, 0.042200, 0.206200;
    ( WeakUp, WeakUp, Down ) 0.000000, 0.000000, 0.000000, 1.000000;
    ( WeakUp, Neutral, StrongUp ) 0.165000, 0.297300, 0.077100, 0.460600;
    ( WeakUp, Neutral, WeakUp ) 0.151500, 0.331000, 0.249700, 0.267900;
    ( WeakUp, Neutral, Neutral ) 0.415000, 0.159400, 0.123800, 0.301800;
    ( WeakUp, Neutral, Down ) 0.638900, 0.000000, 0.361100, 0.000000;
    ( WeakUp, Down, StrongUp ) 0.255100, 0.040800, 0.392300, 0.311800;
    ( WeakUp, Down, WeakUp ) 0.106900, 0.504500, 0.079200, 0.309400;
    ( WeakUp, Down, Neutral ) 0.501100, 0.076000, 0.337500, 0.085400;
    ( WeakUp, Down, Down ) 0.179700, 0.129400, 0.446800, 0.244200;
    ( Neutral, StronUp, StrongUp ) 0.473800, 0.082700, 0.165200, 0.278300;
    ( Neutral, StronUp, WeakUp ) 0.014700, 0.158500, 0.750500, 0.076300;
    ( Neutral, StronUp, Neutral ) 0.250300, 0.314100, 0.345900, 0.089700;
    ( Neutral, StronUp, Down ) 0.372000, 0.323800, 0.243600, 0.060600;
    ( Neutral, WeakUp, StrongUp ) 0.569100, 0.430900, 0.000000, 0.000000;
    ( Neutral, WeakUp, WeakUp ) 0.409800, 0.131500, 0.297500, 0.161100;
    ( Neutral, WeakUp, Neutral ) 0.803500, 0.196500, 0.000000, 0.000000;
    ( Neutral, WeakUp, Down ) 0.256600, 0.000000, 0.743400, 0.000000;
    ( Neutral, Neutral, StrongUp ) 0.279400, 0.325300, 0.338400, 0.057000;
    ( Neutral, Neutral, WeakUp ) 0.237900, 0.182400, 0.023500, 0.556200;
    ( Neutral, Neutral, Neutral ) 0.115100, 0.360300, 0.033900, 0.490700;
    ( Neutral, Neutral, Down ) 0.133600, 0.155800, 0.710600, 0.000000;
    ( Neutral, Down, StrongUp ) 0.219500, 0.118700, 0.318900, 0.342900;
    ( Neutral, Down, WeakUp ) 0.103200, 0.000000, 0.863200, 0.033600;
    ( Neutral, Down, Neutral ) 0.000000, 0.656800, 0.246500, 0.096700;
    ( Neutral, Down, Down ) 0.196500, 0.000000, 0.410500, 0.393000;
    ( Down, StronUp, StrongUp ) 0.341600, 0.237600, 0.024600, 0.396300;
    ( Down, StronUp, WeakUp ) 0.291300, 0.039100, 0.365800, 0.303800;
    ( Down, StronUp, Neutral ) 0.403800, 0.251100, 0.224000, 0.121100;
    ( Down, StronUp, Down ) 0.129100, 0.749300, 0.058500, 0.063100;
    ( Down, WeakUp, StrongUp ) 0.500000, 0.000000, 0.250000, 0.250000;
    ( Down, WeakUp, WeakUp ) 0.119100, 0.040100, 0.529900, 0.310900;
    ( Down, WeakUp, Neutral ) 0.740200, 0.051300, 0.000000, 0.208500;
    ( Down, WeakUp, Down ) 0.000000, 0.000000, 1.000000, 0.000000;
    ( Down, Neutral, StrongUp ) 0.312800, 0.323400, 0.109600, 0.254300;
    ( Down, Neutral, WeakUp ) 0.063400, 0.443700, 0.131800, 0.361100;
    ( Down, Neutral, Neutral ) 0.615200, 0.000000, 0.148900, 0.235900;
    ( Down, Neutral, Down ) 0.000000, 0.335700, 0.000000, 0.664300;
    ( Down, Down, StrongUp ) 0.000000, 0.192500, 0.807500, 0.000000;
    ( Down, Down, WeakUp ) 0.084800, 0.275500, 0.219400, 0.420200;
    ( Down, Down, Neutral ) 0.202700, 0.041700, 0.205900, 0.549700;
    ( Down, Down, Down ) 0.000000, 0.217200, 0.400700, 0.382100;
};

probability ( AreaMeso_ALS | CombVerMo ) {
    ( StrongUp ) 0.376400, 0.053800, 0.195900, 0.373900;
    ( WeakUp ) 0.495700, 0.155000, 0.110700, 0.238700;
    ( Neutral ) 0.682600, 0.144900, 0.108200, 0.064300;
    ( Down ) 0.216700, 0.366100, 0.008800, 0.408400;
};

probability ( SatContMoist ) {
    table 0.068800, 0.479500, 0.212800, 0.238900;
};

probability ( RaoContMoist ) {
    table 0.399300, 0.521100, 0.020200, 0.059300;
};

probability ( CombMoisture | SatContMoist, RaoContMoist ) {
    ( VeryWet, VeryWet ) 0.310700, 0.566400, 0.043800, 0.079100;
    ( VeryWet, Wet ) 0.054600, 0.003100, 0.138400, 0.803900;
    ( VeryWet, Neutral ) 0.393500, 0.000000, 0.606500, 0.000000;
    ( VeryWet, Dry ) 0.188500, 0.205700, 0.160000, 0.445800;
    ( Wet, VeryWet ) 0.236500, 0.030400, 0.688000, 0.045100;
    ( Wet, Wet ) 0.597300, 0.011600, 0.290900, 0.100200;
    ( Wet, Neutral ) 0.484700, 0.070700, 0.374300, 0.070300;
    ( Wet, Dry ) 0.708600, 0.011500, 0.207600, 0.072300;
    ( Neutral, VeryWet ) 0.094400, 0.490400, 0.299000, 0.116200;
    ( Neutral, Wet ) 0.130700, 0.067600, 0.511900, 0.289800;
    ( Neutral, Neutral ) 0.518400, 0.167600, 0.046300, 0.267700;
    ( Neutral, Dry ) 0.008700, 0.052000, 0.216000, 0.723300;
    ( Dry, VeryWet ) 0.315400, 0.310100, 0.179500, 0.195000;
    ( Dry, Wet ) 0.387300, 0.116300, 0.365800, 0.130600;
    ( Dry, Neutral ) 0.549500, 0.360600, 0.035200, 0.054700;
    ( Dry, Dry ) 0.526700, 0.444200, 0.014700, 0.014400;
};

probability ( AreaMoDryAir | AreaMeso_ALS, CombMoisture ) {
    ( StrongUp, VeryWet ) 0.509900, 0.187400, 0.101300, 0.201400;
    ( StrongUp, Wet ) 0.514100, 0.203400, 0.125800, 0.156600;
    ( StrongUp, Neutral ) 0.386800, 0.029500, 0.566800, 0.016900;
    ( StrongUp, Dry ) 0.338400, 0.028200, 0.514600, 0.118800;
    ( WeakUp, VeryWet ) 0.117600, 0.462000, 0.047700, 0.372700;
    ( WeakUp, Wet ) 0.891700, 0.053400, 0.027100, 0.027700;
    ( WeakUp, Neutral ) 0.337700, 0.220800, 0.023400, 0.418200;
    ( WeakUp, Dry ) 0.134000, 0.533600, 0.213600, 0.118800;
    ( Neutral, VeryWet ) 0.082200, 0.066800, 0.167800, 0.683200;
    ( Neutral, Wet ) 0.159200, 0.594200, 0.093800, 0.152800;
    ( Neutral, Neutral ) 0.715600, 0.072400, 0.162300, 0.049700;
    ( Neutral, Dry ) 0.734600, 0.073600, 0.020200, 0.171600;
    ( Down, VeryWet ) 0.287800, 0.471700, 0.233500, 0.006900;
    ( Down, Wet ) 0.050000, 0.479400, 0.433300, 0.037300;
    ( Down, Neutral ) 0.066500, 0.579600, 0.147400, 0.206500;
    ( Down, Dry ) 0.469500, 0.227200, 0.099300, 0.204000;
};

probability ( VISCloudCov ) {
    table 0.547800, 0.072600, 0.379600;
};

probability ( IRCloudCover ) {
    table 0.490600, 0.447500, 0.061900;
};

probability ( CombClouds | VISCloudCov, IRCloudCover ) {
    ( Cloudy, Cloudy ) 0.379400, 0.227900, 0.392700;
    ( Cloudy, PC ) 0.348200, 0.387800, 0.264000;
    ( Cloudy, Clear ) 0.176800, 0.668800, 0.154400;
    ( PC, Cloudy ) 0.043200, 0.578500, 0.378300;
    ( PC, PC ) 0.029700, 0.937300, 0.033000;
    ( PC, Clear ) 0.524800, 0.121000, 0.354200;
    ( Clear, Cloudy ) 0.756800, 0.124700, 0.118500;
    ( Clear, PC ) 0.325100, 0.569900, 0.105000;
    ( Clear, Clear ) 0.024100, 0.440500, 0.535400;
};

probability ( CldShadeOth | AreaMoDryAir, AreaMeso_ALS, CombClouds ) {
    ( VeryWet, StrongUp, Cloudy ) 0.092000, 0.358400, 0.549600;
    ( VeryWet, StrongUp, PC ) 0.473600, 0.379800, 0.146700;
    ( VeryWet, StrongUp, Clear ) 0.623400, 0.155600, 0.221000;
    ( VeryWet, WeakUp, Cloudy ) 0.574900, 0.086200, 0.338900;
    ( VeryWet, WeakUp, PC ) 0.588800, 0.011300, 0.399900;
    ( VeryWet, WeakUp, Clear ) 0.375300, 0.097500, 0.527200;
    ( VeryWet, Neutral, Cloudy ) 0.089900, 0.275300, 0.634800;
    ( VeryWet, Neutral, PC ) 0.078800, 0.225600, 0.695600;
    ( VeryWet, Neutral, Clear ) 0.369600, 0.340000, 0.290400;
    ( VeryWet, Down, Cloudy ) 0.628400, 0.340300, 0.031300;
    ( VeryWet, Down, PC ) 0.235900, 0.061400, 0.702700;
    ( VeryWet, Down, Clear ) 0.000000, 0.150900, 0.849100;
    ( Wet, StrongUp, Cloudy ) 0.080700, 0.621600, 0.297700;
    ( Wet, StrongUp, PC ) 0.315200, 0.184100, 0.500700;
    ( Wet, StrongUp, Clear ) 0.155800, 0.828000, 0.016200;
    ( Wet, WeakUp, Cloudy ) 0.188200, 0.602000, 0.209800;
    ( Wet, WeakUp, PC ) 0.497000, 0.027400, 0.475600;
    ( Wet, WeakUp, Clear ) 0.092100, 0.489000, 0.418900;
    ( Wet, Neutral, Cloudy ) 0.000000, 0.844800, 0.155200;
    ( Wet, Neutral, PC ) 0.117300, 0.432800, 0.449800;
    ( Wet, Neutral, Clear ) 0.159300, 0.227200, 0.613500;
    ( Wet, Down, Cloudy ) 0.205400, 0.413100, 0.381500;
    ( Wet, Down, PC ) 0.497300, 0.340700, 0.162000;
    ( Wet, Down, Clear ) 0.279100, 0.613400, 0.107500;
    ( Neutral, StrongUp, Cloudy ) 0.783300, 0.117900, 0.098800;
    ( Neutral, StrongUp, PC ) 0.683600, 0.248100, 0.068300;
    ( Neutral, StrongUp, Clear ) 0.031800, 0.787800, 0.180400;
    ( Neutral, WeakUp, Cloudy ) 0.216400, 0.571800, 0.211800;
    ( Neutral, WeakUp, PC ) 0.336200, 0.089300, 0.574500;
    ( Neutral, WeakUp, Clear ) 0.645700, 0.000000, 0.354300;
    ( Neutral, Neutral, Cloudy ) 0.557100, 0.249100, 0.193700;
    ( Neutral, Neutral, PC ) 0.467400, 0.512800, 0.019800;
    ( Neutral, Neutral, Clear ) 0.101000, 0.691400, 0.207600;
    ( Neutral, Down, Cloudy ) 0.373000, 0.474500, 0.152400;
    ( Neutral, Down, PC ) 0.580700, 0.379900, 0.039400;
    ( Neutral, Down, Clear ) 0.518100, 0.237100, 0.244800;
    ( Dry, StrongUp, Cloudy ) 0.436500, 0.262900, 0.300600;
    ( Dry, StrongUp, PC ) 0.501200, 0.216500, 0.282300;
    ( Dry, StrongUp, Clear ) 0.834900, 0.049900, 0.115200;
    ( Dry, WeakUp, Cloudy ) 0.372700, 0.511100, 0.116100;
    ( Dry, WeakUp, PC ) 0.508000, 0.148500, 0.343500;
    ( Dry, WeakUp, Clear ) 0.051400, 0.007300, 0.941300;
    ( Dry, Neutral, Cloudy ) 0.090200, 0.349600, 0.560200;
    ( Dry, Neutral, PC ) 0.068600, 0.635800, 0.295600;
    ( Dry, Neutral, Clear ) 0.383300, 0.389200, 0.227500;
    ( Dry, Down, Cloudy ) 0.363600, 0.458400, 0.178000;
    ( Dry, Down, PC ) 0.000000, 0.658900, 0.341100;
    ( Dry, Down, Clear ) 0.352600, 0.185700, 0.461600;
};

probability ( AMInstabMt ) {
    table 0.628600, 0.040000, 0.331400;
};

probability ( InsInMt | CldShadeOth, AMInstabMt ) {
    ( Cloudy, None ) 0.074800, 0.000000, 0.925200;
    ( Cloudy, Weak ) 0.895700, 0.059300, 0.045000;
    ( Cloudy, Strong ) 0.789300, 0.122300, 0.088400;
    ( PC, None ) 0.512500, 0.415500, 0.072000;
    ( PC, Weak ) 0.083600, 0.495700, 0.420700;
    ( PC, Strong ) 0.110100, 0.882300, 0.007600;
    ( Clear, None ) 0.075900, 0.223500, 0.700600;
    ( Clear, Weak ) 0.468400, 0.202100, 0.329500;
    ( Clear, Strong ) 0.239900, 0.235500, 0.524600;
};

probability ( WndHodograph ) {
    table 0.030400, 0.009100, 0.514400, 0.446100;
};

probability ( OutflowFrMt | InsInMt, WndHodograph ) {
    ( None, DCVZFavor ) 0.576500, 0.241900, 0.181600;
    ( None, StrongWest ) 0.170000, 0.572800, 0.257200;
    ( None, Westerly ) 0.110700, 0.718800, 0.170500;
    ( None, Other ) 0.741200, 0.017100, 0.241700;
    ( Weak, DCVZFavor ) 0.427700, 0.237100, 0.335200;
    ( Weak, StrongWest ) 0.000000, 0.825300, 0.174700;
    ( Weak, Westerly ) 0.574200, 0.305800, 0.120000;
    ( Weak, Other ) 0.086100, 0.412000, 0.501900;
    ( Strong, DCVZFavor ) 0.623800, 0.177700, 0.198500;
    ( Strong, StrongWest ) 0.500900, 0.027700, 0.471400;
    ( Strong, Westerly ) 0.648600, 0.033600, 0.317800;
    ( Strong, Other ) 0.102500, 0.506900, 0.390500;
};

probability ( MorningBound ) {
    table 0.000000, 0.543300, 0.456700;
};

probability ( Boundaries | OutflowFrMt, WndHodograph, MorningBound ) {
    ( None, DCVZFavor, None ) 0.000000, 0.000000, 0.000000;
    ( None, DCVZFavor, Weak ) 0.708600, 0.193100, 0.098300;
    ( None, DCVZFavor, Strong ) 0.062700, 0.743900, 0.193400;
    ( None, StrongWest, None ) 0.000000, 0.000000, 0.000000;
    ( None, StrongWest, Weak ) 0.621000, 0.379000, 0.000000;
    ( None, StrongWest, Strong ) 0.074500, 0.137800, 0.787700;
    ( None, Westerly, None ) 0.000000, 0.000000, 0.000000;
    ( None, Westerly, Weak ) 0.370800, 0.123800, 0.505400;
    ( None, Westerly, Strong ) 0.162100, 0.466000, 0.371900;
    ( None, Other, None ) 0.000000, 0.000000, 0.000000;
    ( None, Other, Weak ) 0.012500, 0.213900, 0.773600;
    ( None, Other, Strong ) 0.585900, 0.009100, 0.405000;
    ( Weak, DCVZFavor, None ) 0.000000, 0.000000, 0.000000;
    ( Weak, DCVZFavor, Weak ) 0.586300, 0.413700, 0.000000;
    ( Weak, DCVZFavor, Strong ) 0.592300, 0.074300, 0.333400;
    ( Weak, StrongWest, None ) 0.000000, 0.000000, 0.000000;
    ( Weak, StrongWest, Weak ) 0.344600, 0.000000, 0.655400;
    ( Weak, StrongWest, Strong ) 0.296600, 0.394800, 0.308700;
    ( Weak, Westerly, None ) 0.000000, 0.000000, 0.000000;
    ( Weak, Westerly, Weak ) 0.307900, 0.411500, 0.280600;
    ( Weak, Westerly, Strong ) 0.455300, 0.501200, 0.043500;
    ( Weak, Other, None ) 0.000000, 0.000000, 0.000000;
    ( Weak, Other, Weak ) 0.499700, 0.265800, 0.234500;
    ( Weak, Other, Strong ) 0.520900, 0.225300, 0.253800;
    ( Strong, DCVZFavor, None ) 0.000000, 0.000000, 0.000000;
    ( Strong, DCVZFavor, Weak ) 0.495500, 0.060000, 0.444500;
    ( Strong, DCVZFavor, Strong ) 0.184800, 0.480400, 0.334800;
    ( Strong, StrongWest, None ) 0.000000, 0.000000, 0.000000;
    ( Strong, StrongWest, Weak ) 0.308000, 0.282400, 0.409600;
    ( Strong, StrongWest, Strong ) 0.219300, 0.229000, 0.551700;
    ( Strong, Westerly, None ) 0.000000, 0.000000, 0.000000;
    ( Strong, Westerly, Weak ) 0.137700, 0.290300, 0.572000;
    ( Strong, Westerly, Strong ) 0.785200, 0.173300, 0.041500;
    ( Strong, Other, None ) 0.000000, 0.000000, 0.000000;
    ( Strong, Other, Weak ) 0.186300, 0.140700, 0.673000;
    ( Strong, Other, Strong ) 0.346000, 0.357100, 0.296900;
};

probability ( CldShadeConv | InsInMt, WndHodograph ) {
    ( None, DCVZFavor ) 0.305200, 0.335000, 0.359700;
    ( None, StrongWest ) 0.411700, 0.212000, 0.376300;
    ( None, Westerly ) 0.000000, 0.128100, 0.871900;
    ( None, Other ) 0.114100, 0.296000, 0.589900;
    ( Weak, DCVZFavor ) 0.510200, 0.329400, 0.160400;
    ( Weak, StrongWest ) 0.542600, 0.282200, 0.175200;
    ( Weak, Westerly ) 0.240100, 0.126700, 0.633200;
    ( Weak, Other ) 0.757200, 0.036000, 0.206800;
    ( Strong, DCVZFavor ) 0.299400, 0.227100, 0.473500;
    ( Strong, StrongWest ) 0.092300, 0.569100, 0.338600;
    ( Strong, Westerly ) 0.118800, 0.453000, 0.428200;
    ( Strong, Other ) 0.425300, 0.323700, 0.251000;
};

probability ( CompPlFcst | Boundaries, CldShadeConv, AreaMeso_ALS, CldShadeOth ) {
    ( None, None, StrongUp, Cloudy ) 0.444600, 0.222700, 0.332700;
    ( None, None, StrongUp, PC ) 0.081500, 0.450800, 0.467700;
    ( None, None, StrongUp, Clear ) 0.043400, 0.757400, 0.199200;
    ( None, None, WeakUp, Cloudy ) 0.382100, 0.101200, 0.516700;
    ( None, None, WeakUp, PC ) 0.238400, 0.020100, 0.741500;
    ( None, None, WeakUp, Clear ) 0.244600, 0.561600, 0.193800;
    ( None, None, Neutral, Cloudy ) 0.000000, 0.857700, 0.142300;
    ( None, None, Neutral, PC ) 0.043900, 0.805600, 0.150500;
    ( None, None, Neutral, Clear ) 0.115500, 0.644400, 0.240100;
    ( None, None, Down, Cloudy ) 0.059500, 0.295600, 0.644900;
    ( None, None, Down, PC ) 0.674300, 0.052400, 0.273300;
    ( None, None, Down, Clear ) 0.505700, 0.107900, 0.386400;
    ( None, Some, StrongUp, Cloudy ) 0.117300, 0.297000, 0.585700;
    ( None, Some, StrongUp, PC ) 0.715600, 0.044700, 0.239700;
    ( None, Some, StrongUp, Clear ) 0.020700, 0.602700, 0.376600;
    ( None, Some, WeakUp, Cloudy ) 0.429400, 0.100300, 0.470300;
    ( None, Some, WeakUp, PC ) 0.469200, 0.450400, 0.080400;
    ( None, Some, WeakUp, Clear ) 0.217600, 0.176900, 0.605500;
    ( None, Some, Neutral, Cloudy ) 0.047800, 0.559700, 0.392500;
    ( None, Some, Neutral, PC ) 0.074300, 0.616200, 0.309500;
    ( None, Some, Neutral, Clear ) 0.228100, 0.545800, 0.226100;
    ( None, Some, Down, Cloudy ) 0.222100, 0.011400, 0.766500;
    ( None, Some, Down, PC ) 0.536500, 0.085200, 0.378300;
    ( None, Some, Down, Clear ) 0.887200, 0.059300, 0.053500;
    ( None, Marked, StrongUp, Cloudy ) 0.063800, 0.768700, 0.167500;
    ( None, Marked, StrongUp, PC ) 0.140500, 0.456300, 0.403200;
    ( None, Marked, StrongUp, Clear ) 0.063900, 0.225900, 0.710200;
    ( None, Marked, WeakUp, Cloudy ) 0.049200, 0.043600, 0.907200;
    ( None, Marked, WeakUp, PC ) 0.635700, 0.244400, 0.119900;
    ( None, Marked, WeakUp, Clear ) 0.295200, 0.578400, 0.126400;
    ( None, Marked, Neutral, Cloudy ) 0.384100, 0.167300, 0.448700;
    ( None, Marked, Neutral, PC ) 0.024100, 0.333600, 0.642300;
    ( None, Marked, Neutral, Clear ) 0.745900, 0.096400, 0.157700;
    ( None, Marked, Down, Cloudy ) 0.208300, 0.183400, 0.608300;
    ( None, Marked, Down, PC ) 0.196600, 0.761600, 0.041800;
    ( None, Marked, Down, Clear ) 0.243800, 0.422900, 0.333300;
    ( Weak, None, StrongUp, Cloudy ) 0.111800, 0.562100, 0.326100;
    ( Weak, None, StrongUp, PC ) 0.316400, 0.195000, 0.488600;
    ( Weak, None, StrongUp, Clear ) 0.701900, 0.053100, 0.245000;
    ( Weak, None, WeakUp, Cloudy ) 0.600900, 0.335300, 0.063800;
    ( Weak, None, WeakUp, PC ) 0.124100, 0.875900, 0.000000;
    ( Weak, None, WeakUp, Clear ) 0.168500, 0.076900, 0.754600;
    ( Weak, None, Neutral, Cloudy ) 0.000000, 0.706900, 0.293100;
    ( Weak, None, Neutral, PC ) 0.064300, 0.281200, 0.654500;
    ( Weak, None, Neutral, Clear ) 0.456300, 0.413400, 0.130200;
    ( Weak, None, Down, Cloudy ) 0.053900, 0.456200, 0.489900;
    ( Weak, None, Down, PC ) 0.365500, 0.531700, 0.102800;
    ( Weak, None, Down, Clear ) 0.047400, 0.131700, 0.820900;
    ( Weak, Some, StrongUp, Cloudy ) 0.093100, 0.506200, 0.400700;
    ( Weak, Some, StrongUp, PC ) 0.676400, 0.154000, 0.169600;
    ( Weak, Some, StrongUp, Clear ) 0.212700, 0.261900, 0.525400;
    ( Weak, Some, WeakUp, Cloudy ) 0.338000, 0.436400, 0.225700;
    ( Weak, Some, WeakUp, PC ) 0.000000, 0.164000, 0.836000;
    ( Weak, Some, WeakUp, Clear ) 0.269600, 0.228600, 0.501800;
    ( Weak, Some, Neutral, Cloudy ) 0.092600, 0.472100, 0.435300;
    ( Weak, Some, Neutral, PC ) 0.000000, 0.137200, 0.862800;
    ( Weak, Some, Neutral, Clear ) 0.362000, 0.583400, 0.054600;
    ( Weak, Some, Down, Cloudy ) 0.437300, 0.028500, 0.534200;
    ( Weak, Some, Down, PC ) 0.021300, 0.628400, 0.350200;
    ( Weak, Some, Down, Clear ) 0.734700, 0.138800, 0.126500;
    ( Weak, Marked, StrongUp, Cloudy ) 0.296900, 0.189000, 0.514100;
    ( Weak, Marked, StrongUp, PC ) 0.100800, 0.565300, 0.333900;
    ( Weak, Marked, StrongUp, Clear ) 0.277200, 0.180100, 0.542700;
    ( Weak, Marked, WeakUp, Cloudy ) 0.375300, 0.000000, 0.624700;
    ( Weak, Marked, WeakUp, PC ) 0.450700, 0.516500, 0.032700;
    ( Weak, Marked, WeakUp, Clear ) 0.535600, 0.202900, 0.261500;
    ( Weak, Marked, Neutral, Cloudy ) 0.711300, 0.134900, 0.153800;
    ( Weak, Marked, Neutral, PC ) 0.659400, 0.246600, 0.094000;
    ( Weak, Marked, Neutral, Clear ) 0.396600, 0.540000, 0.063400;
    ( Weak, Marked, Down, Cloudy ) 0.807100, 0.192900, 0.000000;
    ( Weak, Marked, Down, PC ) 0.471400, 0.043000, 0.485600;
    ( Weak, Marked, Down, Clear ) 0.025300, 0.627500, 0.347200;
    ( Strong, None, StrongUp, Cloudy ) 0.024700, 0.919400, 0.055900;
    ( Strong, None, StrongUp, PC ) 0.155800, 0.645800, 0.198400;
    ( Strong, None, StrongUp, Clear ) 0.212300, 0.476900, 0.310700;
    ( Strong, None, WeakUp, Cloudy ) 0.039900, 0.275500, 0.684600;
    ( Strong, None, WeakUp, PC ) 0.198300, 0.708200, 0.093500;
    ( Strong, None, WeakUp, Clear ) 0.481200, 0.446100, 0.072700;
    ( Strong, None, Neutral, Cloudy ) 0.304700, 0.290900, 0.404400;
    ( Strong, None, Neutral, PC ) 0.912800, 0.033700, 0.053500;
    ( Strong, None, Neutral, Clear ) 0.740100, 0.156700, 0.103200;
    ( Strong, None, Down, Cloudy ) 0.167600, 0.242800, 0.589600;
    ( Strong, None, Down, PC ) 0.500000, 0.183500, 0.316500;
    ( Strong, None, Down, Clear ) 0.467400, 0.365900, 0.166700;
    ( Strong, Some, StrongUp, Cloudy ) 0.231600, 0.232400, 0.536000;
    ( Strong, Some, StrongUp, PC ) 0.108800, 0.387200, 0.504000;
    ( Strong, Some, StrongUp, Clear ) 0.115500, 0.468500, 0.416000;
    ( Strong, Some, WeakUp, Cloudy ) 0.014500, 0.629200, 0.356300;
    ( Strong, Some, WeakUp, PC ) 0.329100, 0.505300, 0.165600;
    ( Strong, Some, WeakUp, Clear ) 0.326800, 0.168900, 0.504300;
    ( Strong, Some, Neutral, Cloudy ) 0.331900, 0.138800, 0.529300;
    ( Strong, Some, Neutral, PC ) 0.000000, 0.835800, 0.164200;
    ( Strong, Some, Neutral, Clear ) 0.179300, 0.778700, 0.042000;
    ( Strong, Some, Down, Cloudy ) 0.145300, 0.362600, 0.492100;
    ( Strong, Some, Down, PC ) 0.075700, 0.349100, 0.575200;
    ( Strong, Some, Down, Clear ) 0.324900, 0.649700, 0.025400;
    ( Strong, Marked, StrongUp, Cloudy ) 0.281800, 0.055500, 0.662700;
    ( Strong, Marked, StrongUp, PC ) 0.382700, 0.322700, 0.294600;
    ( Strong, Marked, StrongUp, Clear ) 0.686100, 0.011500, 0.302400;
    ( Strong, Marked, WeakUp, Cloudy ) 0.223200, 0.541100, 0.235700;
    ( Strong, Marked, WeakUp, PC ) 0.012700, 0.816100, 0.171200;
    ( Strong, Marked, WeakUp, Clear ) 0.095600, 0.202400, 0.702000;
    ( Strong, Marked, Neutral, Cloudy ) 0.120700, 0.092400, 0.786900;
    ( Strong, Marked, Neutral, PC ) 0.648900, 0.259100, 0.092000;
    ( Strong, Marked, Neutral, Clear ) 0.673400, 0.091900, 0.234700;
    ( Strong, Marked, Down, Cloudy ) 0.337000, 0.158800, 0.504200;
    ( Strong, Marked, Down, PC ) 0.339800, 0.386800, 0.273400;
    ( Strong, Marked, Down, Clear ) 0.606900, 0.393100, 0.000000;
};

probability ( CapChange | CompPlFcst ) {
    ( IncCapDecIns ) 0.090500, 0.804000, 0.105500;
    ( LittleChange ) 0.345900, 0.009100, 0.645000;
    ( DecCapIncIns ) 0.262800, 0.307800, 0.429400;
};

probability ( LoLevMoistAd ) {
    table 0.017200, 0.265000, 0.717900, 0.000000;
};

probability ( InsChange | LoLevMoistAd, CompPlFcst ) {
    ( StrongPos, IncCapDecIns ) 0.234600, 0.193500, 0.571900;
    ( StrongPos, LittleChange ) 0.065600, 0.650000, 0.284400;
    ( StrongPos, DecCapIncIns ) 0.170600, 0.018300, 0.811100;
    ( WeakPos, IncCapDecIns ) 0.448600, 0.159900, 0.391400;
    ( WeakPos, LittleChange ) 0.051200, 0.266600, 0.682200;
    ( WeakPos, DecCapIncIns ) 0.552800, 0.092000, 0.355200;
    ( Neutral, IncCapDecIns ) 0.133800, 0.721700, 0.144500;
    ( Neutral, LittleChange ) 0.223900, 0.145300, 0.630800;
    ( Neutral, DecCapIncIns ) 0.280800, 0.346600, 0.372600;
    ( Negative, IncCapDecIns ) 0.000000, 0.000000, 0.000000;
    ( Negative, LittleChange ) 0.000000, 0.000000, 0.000000;
    ( Negative, DecCapIncIns ) 0.000000, 0.000000, 0.000000;
};

probability ( MountainFcst | InsInMt ) {
    ( None ) 0.455000, 0.545000, 0.000000;
    ( Weak ) 0.352600, 0.520100, 0.127300;
    ( Strong ) 0.300200, 0.046700, 0.653100;
};

probability ( Date ) {
    table 0.050500, 0.173400, 0.000000, 0.296700, 0.479400, 0.000000;
};

probability ( Scenario | Date ) {
    ( May15_Jun14 ) 0.000000, 0.054700, 0.142000, 0.172700, 0.012100, 0.046000, 0.186100, 0.070500, 0.121400, 0.126200, 0.068300;
    ( Jun15_Jul1 ) 0.105900, 0.006500, 0.302400, 0.010800, 0.062200, 0.058200, 0.034200, 0.286500, 0.009500, 0.018900, 0.104900;
    ( Jul2_Jul15 ) 0.000000, 0.000000, 0.000000, 0.000000, 0.000000, 0.000000, 0.000000, 0.000000, 0.000000, 0.000000, 0.000000;
    ( Jul16_Aug10 ) 0.049700, 0.110000, 0.136000, 0.146400, 0.018500, 0.090200, 0.008900, 0.084400, 0.091400, 0.138000, 0.126500;
    ( Aug11_Aug20 ) 0.030600, 0.050200, 0.017800, 0.052300, 0.259000, 0.011900, 0.321800, 0.076700, 0.122400, 0.008700, 0.048500;
    ( Aug20_Sep15 ) 0.000000, 0.000000, 0.000000, 0.000000, 0.000000, 0.000000, 0.000000, 0.000000, 0.000000, 0.000000, 0.000000;
};

probability ( ScenRelAMCIN | Scenario ) {
    ( A ) 0.790100, 0.209900;
    ( B ) 0.984700, 0.015300;
    ( C ) 0.721800, 0.278200;
    ( D ) 0.182300, 0.817700;
    ( E ) 0.847800, 0.152200;
    ( F ) 0.654300, 0.345700;
    ( G ) 0.531100, 0.468900;
    ( H ) 0.164500, 0.835500;
    ( I ) 0.318400, 0.681600;
    ( J ) 0.614800, 0.385200;
    ( K ) 0.062600, 0.937400;
};

probability ( MorningCIN ) {
    table 0.406100, 0.111500, 0.143100, 0.339300;
};

probability ( AMCINInScen | ScenRelAMCIN, MorningCIN ) {
    ( AB, None ) 0.095100, 0.345100, 0.559900;
    ( AB, PartInhibit ) 0.349100, 0.474900, 0.176100;
    ( AB, Stifling ) 0.124500, 0.261300, 0.614200;
    ( AB, TotalInhibit ) 0.364800, 0.051200, 0.584000;
    ( CThruK, None ) 0.103700, 0.809700, 0.086600;
    ( CThruK, PartInhibit ) 0.251200, 0.441800, 0.307000;
    ( CThruK, Stifling ) 0.815400, 0.068200, 0.116400;
    ( CThruK, TotalInhibit ) 0.506100, 0.409700, 0.084200;
};

probability ( CapInScen | AMCINInScen, CapChange ) {
    ( LessThanAve, Decreasing ) 0.321500, 0.038700, 0.639800;
    ( LessThanAve, LittleChange ) 0.045400, 0.716900, 0.237700;
    ( LessThanAve, Increasing ) 0.305800, 0.363400, 0.330800;
    ( Average, Decreasing ) 0.394000, 0.332700, 0.273400;
    ( Average, LittleChange ) 0.107400, 0.690700, 0.201900;
    ( Average, Increasing ) 0.153500, 0.201700, 0.644800;
    ( MoreThanAve, Decreasing ) 0.169200, 0.576400, 0.254400;
    ( MoreThanAve, LittleChange ) 0.130300, 0.369300, 0.500400;
    ( MoreThanAve, Increasing ) 0.817300, 0.129800, 0.052900;
};

probability ( ScenRelAMIns | Scenario ) {
    ( A ) 0.055700, 0.119700, 0.221500, 0.136000, 0.104400, 0.362700;
    ( B ) 0.053900, 0.030100, 0.020600, 0.045600, 0.230400, 0.619400;
    ( C ) 0.024300, 0.232900, 0.123500, 0.093600, 0.428700, 0.097000;
    ( D ) 0.511000, 0.127200, 0.006400, 0.113600, 0.176600, 0.065200;
    ( E ) 0.244300, 0.050000, 0.231000, 0.020400, 0.213200, 0.241100;
    ( F ) 0.135200, 0.131200, 0.119800, 0.076800, 0.067900, 0.469200;
    ( G ) 0.131800, 0.356200, 0.004700, 0.197200, 0.228400, 0.081700;
    ( H ) 0.066800, 0.292500, 0.021900, 0.513300, 0.030800, 0.074700;
    ( I ) 0.221100, 0.092900, 0.434300, 0.106400, 0.007600, 0.137700;
    ( J ) 0.022300, 0.009300, 0.048600, 0.316100, 0.130500, 0.473100;
    ( K ) 0.189400, 0.393500, 0.075400, 0.104700, 0.087800, 0.149200;
};

probability ( LIfr12ZDENSd ) {
    table 0.354000, 0.058100, 0.009100, 0.578800;
};

probability ( AMDewptCalPl ) {
    table 0.017600, 0.566300, 0.416100;
};

probability ( AMInsWliScen | ScenRelAMIns, LIfr12ZDENSd, AMDewptCalPl ) {
    ( ABI, LIGt0, Instability ) 0.211400, 0.457200, 0.331400;
    ( ABI, LIGt0, Neutral ) 0.110600, 0.542500, 0.346900;
    ( ABI, LIGt0, Stability ) 0.545800, 0.005500, 0.448700;
    ( ABI, N1GtLIGt_4, Instability ) 1.000000, 0.000000, 0.000000;
    ( ABI, N1GtLIGt_4, Neutral ) 0.889700, 0.057300, 0.053000;
    ( ABI, N1GtLIGt_4, Stability ) 0.055100, 0.417500, 0.527400;
    ( ABI, N5GtLIGt_8, Instability ) 0.000000, 1.000000, 0.000000;
    ( ABI, N5GtLIGt_8, Neutral ) 0.664000, 0.000000, 0.336000;
    ( ABI, N5GtLIGt_8, Stability ) 0.000000, 0.399500, 0.600500;
    ( ABI, LILt_8, Instability ) 0.191300, 0.808700, 0.000000;
    ( ABI, LILt_8, Neutral ) 0.352000, 0.292400, 0.355600;
    ( ABI, LILt_8, Stability ) 0.539800, 0.210300, 0.249900;
    ( CDEJ, LIGt0, Instability ) 0.403000, 0.080500, 0.516500;
    ( CDEJ, LIGt0, Neutral ) 0.630500, 0.241000, 0.128500;
    ( CDEJ, LIGt0, Stability ) 0.069900, 0.162700, 0.767400;
    ( CDEJ, N1GtLIGt_4, Instability ) 0.506100, 0.000000, 0.493900;
    ( CDEJ, N1GtLIGt_4, Neutral ) 0.291200, 0.547600, 0.161300;
    ( CDEJ, N1GtLIGt_4, Stability ) 0.451200, 0.186500, 0.362400;
    ( CDEJ, N5GtLIGt_8, Instability ) 0.000000, 0.000000, 1.000000;
    ( CDEJ, N5GtLIGt_8, Neutral ) 0.182500, 0.301400, 0.516100;
    ( CDEJ, N5GtLIGt_8, Stability ) 0.163300, 0.176700, 0.660100;
    ( CDEJ, LILt_8, Instability ) 0.709000, 0.216400, 0.074600;
    ( CDEJ, LILt_8, Neutral ) 0.032800, 0.941500, 0.025700;
    ( CDEJ, LILt_8, Stability ) 0.078200, 0.839600, 0.082200;
    ( F, LIGt0, Instability ) 0.204500, 0.000000, 0.795500;
    ( F, LIGt0, Neutral ) 0.021900, 0.572500, 0.405600;
    ( F, LIGt0, Stability ) 0.112700, 0.377700, 0.509500;
    ( F, N1GtLIGt_4, Instability ) 0.000000, 1.000000, 0.000000;
    ( F, N1GtLIGt_4, Neutral ) 0.451300, 0.381600, 0.167100;
    ( F, N1GtLIGt_4, Stability ) 0.259300, 0.602800, 0.137900;
    ( F, N5GtLIGt_8, Instability ) 1.000000, 0.000000, 0.000000;
    ( F, N5GtLIGt_8, Neutral ) 1.000000, 0.000000, 0.000000;
    ( F, N5GtLIGt_8, Stability ) 0.181600, 0.617300, 0.201100;
    ( F, LILt_8, Instability ) 0.297900, 0.114600, 0.587500;
    ( F, LILt_8, Neutral ) 0.401900, 0.476500, 0.121600;
    ( F, LILt_8, Stability ) 0.198700, 0.192500, 0.608800;
    ( G, LIGt0, Instability ) 0.415300, 0.000000, 0.584700;
    ( G, LIGt0, Neutral ) 0.000000, 0.425000, 0.575000;
    ( G, LIGt0, Stability ) 0.267800, 0.570600, 0.161600;
    ( G, N1GtLIGt_4, Instability ) 0.000000, 0.000000, 1.000000;
    ( G, N1GtLIGt_4, Neutral ) 0.212600, 0.072300, 0.715100;
    ( G, N1GtLIGt_4, Stability ) 0.386700, 0.000000, 0.613300;
    ( G, N5GtLIGt_8, Instability ) 0.024300, 0.975700, 0.000000;
    ( G, N5GtLIGt_8, Neutral ) 0.000000, 0.798400, 0.201600;
    ( G, N5GtLIGt_8, Stability ) 1.000000, 0.000000, 0.000000;
    ( G, LILt_8, Instability ) 0.937000, 0.063000, 0.000000;
    ( G, LILt_8, Neutral ) 0.011500, 0.468200, 0.520300;
    ( G, LILt_8, Stability ) 0.088500, 0.738600, 0.172900;
    ( H, LIGt0, Instability ) 0.254500, 0.000000, 0.745500;
    ( H, LIGt0, Neutral ) 0.087600, 0.085800, 0.826600;
    ( H, LIGt0, Stability ) 0.259600, 0.398600, 0.341800;
    ( H, N1GtLIGt_4, Instability ) 0.000000, 1.000000, 0.000000;
    ( H, N1GtLIGt_4, Neutral ) 0.290700, 0.340500, 0.368900;
    ( H, N1GtLIGt_4, Stability ) 0.497000, 0.421600, 0.081500;
    ( H, N5GtLIGt_8, Instability ) 0.000000, 0.000000, 0.000000;
    ( H, N5GtLIGt_8, Neutral ) 0.277100, 0.722900, 0.000000;
    ( H, N5GtLIGt_8, Stability ) 0.000000, 0.896800, 0.103200;
    ( H, LILt_8, Instability ) 0.276900, 0.361800, 0.361300;
    ( H, LILt_8, Neutral ) 0.059500, 0.457100, 0.483400;
    ( H, LILt_8, Stability ) 0.514900, 0.386700, 0.098400;
    ( K, LIGt0, Instability ) 0.505300, 0.297400, 0.197300;
    ( K, LIGt0, Neutral ) 0.049100, 0.833900, 0.117000;
    ( K, LIGt0, Stability ) 0.149200, 0.771500, 0.079300;
    ( K, N1GtLIGt_4, Instability ) 0.000000, 0.500000, 0.500000;
    ( K, N1GtLIGt_4, Neutral ) 0.178900, 0.153200, 0.667900;
    ( K, N1GtLIGt_4, Stability ) 0.615800, 0.168000, 0.216200;
    ( K, N5GtLIGt_8, Instability ) 0.000000, 0.000000, 0.000000;
    ( K, N5GtLIGt_8, Neutral ) 0.000000, 0.637900, 0.362100;
    ( K, N5GtLIGt_8, Stability ) 0.000000, 0.582900, 0.417100;
    ( K, LILt_8, Instability ) 0.299600, 0.550500, 0.149900;
    ( K, LILt_8, Neutral ) 0.459700, 0.084700, 0.455600;
    ( K, LILt_8, Stability ) 0.347500, 0.595600, 0.056900;
};

probability ( InsSclInScen | AMInsWliScen, InsChange ) {
    ( LessUnstable, Decreasing ) 0.024900, 0.631300, 0.343800;
    ( LessUnstable, LittleChange ) 0.555200, 0.433800, 0.011000;
    ( LessUnstable, Increasing ) 0.341100, 0.384400, 0.274500;
    ( Average, Decreasing ) 0.290600, 0.215600, 0.493900;
    ( Average, LittleChange ) 0.074500, 0.467700, 0.457900;
    ( Average, Increasing ) 0.199000, 0.373900, 0.427100;
    ( MoreUnstable, Decreasing ) 0.438800, 0.209800, 0.351400;
    ( MoreUnstable, LittleChange ) 0.480700, 0.009500, 0.509800;
    ( MoreUnstable, Increasing ) 0.588000, 0.181200, 0.230800;
};

probability ( ScenRel3_4 | Scenario ) {
    ( A ) 0.195900, 0.141900, 0.354700, 0.021300, 0.286100;
    ( B ) 0.040100, 0.194600, 0.083100, 0.266400, 0.415900;
    ( C ) 0.162400, 0.116600, 0.052800, 0.167900, 0.500300;
    ( D ) 0.385900, 0.120700, 0.291700, 0.125200, 0.076500;
    ( E ) 0.636300, 0.092100, 0.076400, 0.031700, 0.163400;
    ( F ) 0.194300, 0.236500, 0.065100, 0.226900, 0.277200;
    ( G ) 0.000000, 0.731100, 0.142100, 0.073200, 0.053600;
    ( H ) 0.140400, 0.205400, 0.045500, 0.405600, 0.203200;
    ( I ) 0.128600, 0.141900, 0.380800, 0.017500, 0.331100;
    ( J ) 0.312100, 0.241900, 0.038900, 0.097700, 0.309500;
    ( K ) 0.145700, 0.439500, 0.019600, 0.115300, 0.279900;
};

probability ( LatestCIN ) {
    table 0.228000, 0.310700, 0.159300, 0.302100;
};

probability ( LLIW ) {
    table 0.321800, 0.136700, 0.400400, 0.141100;
};

probability ( CurPropConv | LatestCIN, LLIW ) {
    ( None, Unfavorable ) 0.586000, 0.039500, 0.197100, 0.177400;
    ( None, Weak ) 0.086600, 0.366300, 0.454500, 0.092600;
    ( None, Moderate ) 0.407800, 0.116100, 0.170700, 0.305400;
    ( None, Strong ) 0.419000, 0.325600, 0.066400, 0.188900;
    ( PartInhibit, Unfavorable ) 0.023300, 0.370200, 0.430300, 0.176200;
    ( PartInhibit, Weak ) 0.389800, 0.284500, 0.120400, 0.205300;
    ( PartInhibit, Moderate ) 0.053400, 0.384100, 0.153800, 0.408800;
    ( PartInhibit, Strong ) 0.457100, 0.151500, 0.289900, 0.101600;
    ( Stifling, Unfavorable ) 0.031300, 0.178400, 0.210400, 0.579900;
    ( Stifling, Weak ) 0.733800, 0.033000, 0.014100, 0.219100;
    ( Stifling, Moderate ) 0.294900, 0.071900, 0.131600, 0.501600;
    ( Stifling, Strong ) 0.347400, 0.152800, 0.101400, 0.398400;
    ( TotalInhibit, Unfavorable ) 0.509500, 0.000000, 0.418400, 0.072100;
    ( TotalInhibit, Weak ) 0.380500, 0.127600, 0.358500, 0.133400;
    ( TotalInhibit, Moderate ) 0.064300, 0.419000, 0.307100, 0.209700;
    ( TotalInhibit, Strong ) 0.074600, 0.102400, 0.041200, 0.781800;
};

probability ( ScnRelPlFcst | Scenario ) {
    ( A ) 0.101300, 0.078700, 0.012700, 0.010700, 0.008500, 0.090200, 0.304200, 0.132800, 0.212200, 0.012700, 0.036000;
    ( B ) 0.350600, 0.101100, 0.053700, 0.010100, 0.151700, 0.047100, 0.178400, 0.026800, 0.043400, 0.006700, 0.030300;
    ( C ) 0.050600, 0.140900, 0.004700, 0.104800, 0.101200, 0.195900, 0.055000, 0.132200, 0.059000, 0.064600, 0.091100;
    ( D ) 0.161100, 0.079500, 0.052400, 0.127600, 0.000000, 0.042100, 0.396700, 0.038900, 0.044900, 0.033300, 0.023500;
    ( E ) 0.215500, 0.330700, 0.047400, 0.025300, 0.055500, 0.000000, 0.069000, 0.038500, 0.179000, 0.020200, 0.018800;
    ( F ) 0.363000, 0.166300, 0.031900, 0.015800, 0.058600, 0.158800, 0.081700, 0.024600, 0.052100, 0.047200, 0.000000;
    ( G ) 0.101300, 0.163300, 0.259100, 0.067800, 0.028800, 0.027000, 0.007100, 0.123800, 0.063300, 0.049000, 0.109500;
