// Bayesian Network

variable N0_7muVerMo {
  type discrete [ 4 ] = { StrongUp, WeakUp, Neutral, Down };
}
variable SubjVertMo {
  type discrete [ 4 ] = { StronUp, WeakUp, Neutral, Down };
}
variable QGVertMotion {
  type discrete [ 4 ] = { StrongUp, WeakUp, Neutral, Down };
}
variable CombVerMo {
  type discrete [ 4 ] = { StrongUp, WeakUp, Neutral, Down };
}
variable AreaMeso_ALS {
  type discrete [ 4 ] = { StrongUp, WeakUp, Neutral, Down };
}
variable SatContMoist {
  type discrete [ 4 ] = { VeryWet, Wet, Neutral, Dry };
}
variable RaoContMoist {
  type discrete [ 4 ] = { VeryWet, Wet, Neutral, Dry };
}
variable CombMoisture {
  type discrete [ 4 ] = { VeryWet, Wet, Neutral, Dry };
}
variable AreaMoDryAir {
  type discrete [ 4 ] = { VeryWet, Wet, Neutral, Dry };
}
variable VISCloudCov {
  type discrete [ 3 ] = { Cloudy, PC, Clear };
}
variable IRCloudCover {
  type discrete [ 3 ] = { Cloudy, PC, Clear };
}
variable CombClouds {
  type discrete [ 3 ] = { Cloudy, PC, Clear };
}
variable CldShadeOth {
  type discrete [ 3 ] = { Cloudy, PC, Clear };
}
variable AMInstabMt {
  type discrete [ 3 ] = { None, Weak, Strong };
}
variable InsInMt {
  type discrete [ 3 ] = { None, Weak, Strong };
}
variable WndHodograph {
  type discrete [ 4 ] = { DCVZFavor, StrongWest, Westerly, Other };
}
variable OutflowFrMt {
  type discrete [ 3 ] = { None, Weak, Strong };
}
variable MorningBound {
  type discrete [ 3 ] = { None, Weak, Strong };
}
variable Boundaries {
  type discrete [ 3 ] = { None, Weak, Strong };
}
variable CldShadeConv {
  type discrete [ 3 ] = { None, Some, Marked };
}
variable CompPlFcst {
  type discrete [ 3 ] = { IncCapDecIns, LittleChange, DecCapIncIns };
}
variable CapChange {
  type discrete [ 3 ] = { Decreasing, LittleChange, Increasing };
}
variable LoLevMoistAd {
  type discrete [ 4 ] = { StrongPos, WeakPos, Neutral, Negative };
}
variable InsChange {
  type discrete [ 3 ] = { Decreasing, LittleChange, Increasing };
}
variable MountainFcst {
  type discrete [ 3 ] = { XNIL, SIG, SVR };
}
variable Date {
  type discrete [ 6 ] = { May15_Jun14, Jun15_Jul1, Jul2_Jul15, Jul16_Aug10, Aug11_Aug20, Aug20_Sep15 };
}
variable Scenario {
  type discrete [ 11 ] = { A, B, C, D, E, F, G, H, I, J, K };
}
variable ScenRelAMCIN {
  type discrete [ 2 ] = { AB, CThruK };
}
variable MorningCIN {
  type discrete [ 4 ] = { None, PartInhibit, Stifling, TotalInhibit };
}
variable AMCINInScen {
  type discrete [ 3 ] = { LessThanAve, Average, MoreThanAve };
}
variable CapInScen {
  type discrete [ 3 ] = { LessThanAve, Average, MoreThanAve };
}
variable ScenRelAMIns {
  type discrete [ 6 ] = { ABI, CDEJ, F, G, H, K };
}
variable LIfr12ZDENSd {
  type discrete [ 4 ] = { LIGt0, N1GtLIGt_4, N5GtLIGt_8, LILt_8 };
}
variable AMDewptCalPl {
  type discrete [ 3 ] = { Instability, Neutral, Stability };
}
variable AMInsWliScen {
  type discrete [ 3 ] = { LessUnstable, Average, MoreUnstable };
}
variable InsSclInScen {
  type discrete [ 3 ] = { LessUnstable, Average, MoreUnstable };
}
variable ScenRel3_4 {
  type discrete [ 5 ] = { ACEFK, B, D, GJ, HI };
}
variable LatestCIN {
  type discrete [ 4 ] = { None, PartInhibit, Stifling, TotalInhibit };
}
variable LLIW {
  type discrete [ 4 ] = { Unfavorable, Weak, Moderate, Strong };
}
variable CurPropConv {
  type discrete [ 4 ] = { None, Slight, Moderate, Strong };
}
variable ScnRelPlFcst {
  type discrete [ 11 ] = { A, B, C, D, E, F, G, H, I, J, K };
}
variable PlainsFcst {
  type discrete [ 3 ] = { XNIL, SIG, SVR };
}
variable N34StarFcst {
  type discrete [ 3 ] = { XNIL, SIG, SVR };
}
variable R5Fcst {
  type discrete [ 3 ] = { XNIL, SIG, SVR };
}
variable Dewpoints {
  type discrete [ 7 ] = { LowEvrywhere, LowAtStation, LowSHighN, LowNHighS, LowMtsHighPl, HighEvrywher, Other };
}
variable LowLLapse {
  type discrete [ 4 ] = { CloseToDryAd, Steep, ModerateOrLe, Stable };
}
variable MeanRH {
  type discrete [ 3 ] = { VeryMoist, Average, Dry };
}
variable MidLLapse {
  type discrete [ 3 ] = { CloseToDryAd, Steep, ModerateOrLe };
}
variable MvmtFeatures {
  type discrete [ 4 ] = { StrongFront, MarkedUpper, OtherRapid, NoMajor };
}
variable RHRatio {
  type discrete [ 3 ] = { MoistMDryL, DryMMoistL, Other };
}
variable SfcWndShfDis {
  type discrete [ 7 ] = { DenvCyclone, E_W_N, E_W_S, MovingFtorOt, DryLine, None, Other };
}
variable SynForcng {
  type discrete [ 5 ] = { SigNegative, NegToPos, SigPositive, PosToNeg, LittleChange };
}
variable TempDis {
  type discrete [ 4 ] = { QStationary, Moving, None, Other };
}
variable WindAloft {
  type discrete [ 4 ] = { LV, SWQuad, NWQuad, AllElse };
}
variable WindFieldMt {
  type discrete [ 2 ] = { Westerly, LVorOther };
}
variable WindFieldPln {
  type discrete [ 6 ] = { LV, DenvCyclone, LongAnticyc, E_NE, SEQuad, WidespdDnsl };
}
probability ( N0_7muVerMo ) {
    table 0.258000, 0.251500, 0.241800, 0.248700;
};

probability ( SubjVertMo ) {
    table 0.148600, 0.148100, 0.501300, 0.202000;
};

probability ( QGVertMotion ) {
    table 0.146300, 0.152000, 0.491400, 0.210300;
};

probability ( CombVerMo | N0_7muVerMo, SubjVertMo, QGVertMotion ) {
    ( StrongUp, StronUp, StrongUp ) 0.970300, 0.009900, 0.011800, 0.008000;
    ( StrongUp, StronUp, WeakUp ) 0.879600, 0.100000, 0.013000, 0.007400;
    ( StrongUp, StronUp, Neutral ) 0.766000, 0.162600, 0.068600, 0.002800;
    ( StrongUp, StronUp, Down ) 0.225400, 0.436000, 0.277700, 0.060900;
    ( StrongUp, WeakUp, StrongUp ) 0.824900, 0.156000, 0.012500, 0.006600;
    ( StrongUp, WeakUp, WeakUp ) 0.585600, 0.390700, 0.015800, 0.007900;
    ( StrongUp, WeakUp, Neutral ) 0.102600, 0.754200, 0.139800, 0.003400;
    ( StrongUp, WeakUp, Down ) 0.089400, 0.301100, 0.490000, 0.119500;
    ( StrongUp, Neutral, StrongUp ) 0.693800, 0.232400, 0.070800, 0.003000;
    ( StrongUp, Neutral, WeakUp ) 0.157400, 0.673200, 0.165800, 0.003600;
    ( StrongUp, Neutral, Neutral ) 0.186600, 0.603900, 0.208300, 0.001200;
    ( StrongUp, Neutral, Down ) 0.120000, 0.213100, 0.589800, 0.077100;
    ( StrongUp, Down, StrongUp ) 0.305200, 0.425200, 0.163700, 0.105900;
    ( StrongUp, Down, WeakUp ) 0.122100, 0.327600, 0.413700, 0.136600;
    ( StrongUp, Down, Neutral ) 0.065300, 0.168900, 0.652700, 0.113100;
    ( StrongUp, Down, Down ) 0.081800, 0.101200, 0.141200, 0.675800;
    ( WeakUp, StronUp, StrongUp ) 0.876300, 0.107800, 0.007000, 0.008900;
    ( WeakUp, StronUp, WeakUp ) 0.677700, 0.305700, 0.007600, 0.009000;
    ( WeakUp, StronUp, Neutral ) 0.162500, 0.680600, 0.152900, 0.004000;
    ( WeakUp, StronUp, Down ) 0.120000, 0.365300, 0.403100, 0.111600;
    ( WeakUp, WeakUp, StrongUp ) 0.644100, 0.337800, 0.009400, 0.008700;
    ( WeakUp, WeakUp, WeakUp ) 0.006700, 0.981700, 0.006600, 0.005000;
    ( WeakUp, WeakUp, Neutral ) 0.002600, 0.756900, 0.237800, 0.002700;
    ( WeakUp, WeakUp, Down ) 0.004800, 0.195100, 0.709200, 0.090900;
    ( WeakUp, Neutral, StrongUp ) 0.130800, 0.693300, 0.173400, 0.002500;
    ( WeakUp, Neutral, WeakUp ) 0.002500, 0.700500, 0.294700, 0.002300;
    ( WeakUp, Neutral, Neutral ) 0.000800, 0.285700, 0.712400, 0.001100;
    ( WeakUp, Neutral, Down ) 0.001800, 0.180900, 0.377400, 0.439900;
    ( WeakUp, Down, StrongUp ) 0.175500, 0.299900, 0.435600, 0.089000;
    ( WeakUp, Down, WeakUp ) 0.008500, 0.227200, 0.603800, 0.160500;
    ( WeakUp, Down, Neutral ) 0.002300, 0.171600, 0.483800, 0.342300;
    ( WeakUp, Down, Down ) 0.004800, 0.090500, 0.163500, 0.741200;
    ( Neutral, StronUp, StrongUp ) 0.739200, 0.153600, 0.101200, 0.006000;
    ( Neutral, StronUp, WeakUp ) 0.169600, 0.587700, 0.235600, 0.007100;
    ( Neutral, StronUp, Neutral ) 0.132600, 0.581100, 0.284000, 0.002300;
    ( Neutral, StronUp, Down ) 0.053400, 0.201800, 0.675800, 0.069000;
    ( Neutral, WeakUp, StrongUp ) 0.160600, 0.673400, 0.154100, 0.011900;
    ( Neutral, WeakUp, WeakUp ) 0.008800, 0.658900, 0.325200, 0.007100;
    ( Neutral, WeakUp, Neutral ) 0.003700, 0.340500, 0.652400, 0.003400;
    ( Neutral, WeakUp, Down ) 0.004500, 0.168900, 0.386600, 0.440000;
    ( Neutral, Neutral, StrongUp ) 0.192000, 0.579500, 0.226300, 0.002200;
    ( Neutral, Neutral, WeakUp ) 0.003700, 0.320400, 0.672800, 0.003100;
    ( Neutral, Neutral, Neutral ) 0.000800, 0.001200, 0.997000, 0.001000;
    ( Neutral, Neutral, Down ) 0.001400, 0.002200, 0.717300, 0.279100;
    ( Neutral, Down, StrongUp ) 0.112900, 0.242300, 0.534800, 0.110000;
    ( Neutral, Down, WeakUp ) 0.006500, 0.148100, 0.483700, 0.361700;
    ( Neutral, Down, Neutral ) 0.002000, 0.002500, 0.687700, 0.307800;
    ( Neutral, Down, Down ) 0.003300, 0.003300, 0.380400, 0.613000;
    ( Down, StronUp, StrongUp ) 0.177200, 0.437100, 0.300200, 0.085500;
    ( Down, StronUp, WeakUp ) 0.090700, 0.308600, 0.488600, 0.112100;
    ( Down, StronUp, Neutral ) 0.105800, 0.176700, 0.607500, 0.110000;
    ( Down, StronUp, Down ) 0.110000, 0.060600, 0.271100, 0.558300;
    ( Down, WeakUp, StrongUp ) 0.108000, 0.349500, 0.434900, 0.107600;
    ( Down, WeakUp, WeakUp ) 0.007600, 0.207900, 0.639000, 0.145500;
    ( Down, WeakUp, Neutral ) 0.002400, 0.177900, 0.513800, 0.305900;
    ( Down, WeakUp, Down ) 0.005400, 0.113300, 0.188700, 0.692600;
    ( Down, Neutral, StrongUp ) 0.113700, 0.233600, 0.555700, 0.097000;
    ( Down, Neutral, WeakUp ) 0.002300, 0.127300, 0.490900, 0.379500;
    ( Down, Neutral, Neutral ) 0.000700, 0.001100, 0.682800, 0.315400;
    ( Down, Neutral, Down ) 0.001600, 0.002300, 0.331300, 0.664800;
    ( Down, Down, StrongUp ) 0.105700, 0.063500, 0.246900, 0.583900;
    ( Down, Down, WeakUp ) 0.005500, 0.113100, 0.179000, 0.702400;
    ( Down, Down, Neutral ) 0.001500, 0.002000, 0.314600, 0.681900;
    ( Down, Down, Down ) 0.004300, 0.004200, 0.007200, 0.984300;
};

probability ( AreaMeso_ALS | CombVerMo ) {
    ( StrongUp ) 0.998800, 0.000400, 0.000400, 0.000400;
    ( WeakUp ) 0.000200, 0.999400, 0.000200, 0.000200;
    ( Neutral ) 0.000100, 0.000100, 0.999700, 0.000100;
    ( Down ) 0.000300, 0.000300, 0.000300, 0.999100;
};

probability ( SatContMoist ) {
    table 0.154500, 0.199300, 0.400500, 0.245700;
};

probability ( RaoContMoist ) {
    table 0.154400, 0.200600, 0.398500, 0.246500;
};

probability ( CombMoisture | SatContMoist, RaoContMoist ) {
    ( VeryWet, VeryWet ) 0.892500, 0.103800, 0.002100, 0.001600;
    ( VeryWet, Wet ) 0.626300, 0.324600, 0.047800, 0.001300;
    ( VeryWet, Neutral ) 0.288800, 0.501700, 0.208700, 0.000800;
    ( VeryWet, Dry ) 0.260300, 0.362600, 0.237900, 0.139200;
    ( Wet, VeryWet ) 0.527400, 0.428900, 0.042400, 0.001300;
    ( Wet, Wet ) 0.131200, 0.600500, 0.204700, 0.063600;
    ( Wet, Neutral ) 0.050300, 0.425100, 0.428700, 0.095900;
    ( Wet, Dry ) 0.126200, 0.310000, 0.284700, 0.279100;
    ( Neutral, VeryWet ) 0.226200, 0.303900, 0.362400, 0.107500;
    ( Neutral, Wet ) 0.099300, 0.327700, 0.513200, 0.059800;
    ( Neutral, Neutral ) 0.000400, 0.158800, 0.680000, 0.160800;
    ( Neutral, Dry ) 0.000600, 0.109300, 0.349000, 0.541100;
    ( Dry, VeryWet ) 0.218300, 0.309100, 0.225800, 0.246800;
    ( Dry, Wet ) 0.244400, 0.300400, 0.196100, 0.259100;
    ( Dry, Neutral ) 0.255200, 0.232200, 0.254800, 0.257800;
    ( Dry, Dry ) 0.237400, 0.266100, 0.240800, 0.255700;
};

probability ( AreaMoDryAir | AreaMeso_ALS, CombMoisture ) {
    ( StrongUp, VeryWet ) 0.989700, 0.006400, 0.002000, 0.001900;
    ( StrongUp, Wet ) 0.755200, 0.242100, 0.001500, 0.001200;
    ( StrongUp, Neutral ) 0.225300, 0.518000, 0.247100, 0.009600;
    ( StrongUp, Dry ) 0.003500, 0.257800, 0.553900, 0.184800;
    ( WeakUp, VeryWet ) 0.789300, 0.208900, 0.000900, 0.000900;
    ( WeakUp, Wet ) 0.326000, 0.575200, 0.098200, 0.000600;
    ( WeakUp, Neutral ) 0.012600, 0.381100, 0.547200, 0.059100;
    ( WeakUp, Dry ) 0.001000, 0.025600, 0.446200, 0.527200;
    ( Neutral, VeryWet ) 0.709800, 0.275900, 0.013700, 0.000600;
    ( Neutral, Wet ) 0.187400, 0.602600, 0.209600, 0.000400;
    ( Neutral, Neutral ) 0.006400, 0.094600, 0.806600, 0.092400;
    ( Neutral, Dry ) 0.000700, 0.000600, 0.279400, 0.719300;
    ( Down, VeryWet ) 0.253600, 0.702700, 0.042200, 0.001500;
    ( Down, Wet ) 0.065600, 0.366000, 0.444500, 0.123900;
    ( Down, Neutral ) 0.000900, 0.054800, 0.513200, 0.431100;
    ( Down, Dry ) 0.001600, 0.001400, 0.010700, 0.986300;
};

probability ( VISCloudCov ) {
    table 0.104800, 0.496500, 0.398700;
};

probability ( IRCloudCover ) {
    table 0.149000, 0.447800, 0.403200;
};

probability ( CombClouds | VISCloudCov, IRCloudCover ) {
    ( Cloudy, Cloudy ) 0.948500, 0.048300, 0.003200;
    ( Cloudy, PC ) 0.855500, 0.128700, 0.015800;
    ( Cloudy, Clear ) 0.795000, 0.107700, 0.097300;
    ( PC, Cloudy ) 0.464200, 0.500200, 0.035600;
    ( PC, PC ) 0.089000, 0.813100, 0.097900;
    ( PC, Clear ) 0.048600, 0.478300, 0.473100;
    ( Clear, Cloudy ) 0.100300, 0.396500, 0.503200;
    ( Clear, PC ) 0.026900, 0.263900, 0.709200;
    ( Clear, Clear ) 0.000300, 0.017100, 0.982600;
};

probability ( CldShadeOth | AreaMoDryAir, AreaMeso_ALS, CombClouds ) {
    ( VeryWet, StrongUp, Cloudy ) 0.991500, 0.004300, 0.004200;
    ( VeryWet, StrongUp, PC ) 0.875000, 0.122400, 0.002600;
    ( VeryWet, StrongUp, Clear ) 0.274800, 0.344600, 0.380600;
    ( VeryWet, WeakUp, Cloudy ) 0.903900, 0.092300, 0.003800;
    ( VeryWet, WeakUp, PC ) 0.432100, 0.541700, 0.026200;
    ( VeryWet, WeakUp, Clear ) 0.055800, 0.485600, 0.458600;
    ( VeryWet, Neutral, Cloudy ) 0.948900, 0.047400, 0.003700;
    ( VeryWet, Neutral, PC ) 0.218900, 0.766100, 0.015000;
    ( VeryWet, Neutral, Clear ) 0.012500, 0.269400, 0.718100;
    ( VeryWet, Down, Cloudy ) 0.773600, 0.195600, 0.030800;
    ( VeryWet, Down, PC ) 0.005700, 0.493100, 0.501200;
    ( VeryWet, Down, Clear ) 0.008200, 0.082600, 0.909200;
    ( Wet, StrongUp, Cloudy ) 0.928900, 0.062800, 0.008300;
    ( Wet, StrongUp, PC ) 0.664800, 0.321700, 0.013500;
    ( Wet, StrongUp, Clear ) 0.143500, 0.417700, 0.438800;
    ( Wet, WeakUp, Cloudy ) 0.906700, 0.084500, 0.008800;
    ( Wet, WeakUp, PC ) 0.234300, 0.591800, 0.173900;
    ( Wet, WeakUp, Clear ) 0.006400, 0.278100, 0.715500;
    ( Wet, Neutral, Cloudy ) 0.798700, 0.198900, 0.002400;
    ( Wet, Neutral, PC ) 0.009900, 0.888800, 0.101300;
    ( Wet, Neutral, Clear ) 0.000900, 0.123300, 0.875800;
    ( Wet, Down, Cloudy ) 0.663300, 0.310300, 0.026400;
    ( Wet, Down, PC ) 0.002200, 0.386500, 0.611300;
    ( Wet, Down, Clear ) 0.002200, 0.018600, 0.979200;
    ( Neutral, StrongUp, Cloudy ) 0.929400, 0.052800, 0.017800;
    ( Neutral, StrongUp, PC ) 0.479500, 0.453800, 0.066700;
    ( Neutral, StrongUp, Clear ) 0.113800, 0.458200, 0.428000;
    ( Neutral, WeakUp, Cloudy ) 0.848600, 0.148100, 0.003300;
    ( Neutral, WeakUp, PC ) 0.145300, 0.785700, 0.069000;
    ( Neutral, WeakUp, Clear ) 0.001200, 0.218700, 0.780100;
    ( Neutral, Neutral, Cloudy ) 0.783500, 0.196000, 0.020500;
    ( Neutral, Neutral, PC ) 0.019400, 0.871100, 0.109500;
    ( Neutral, Neutral, Clear ) 0.000600, 0.057600, 0.941800;
    ( Neutral, Down, Cloudy ) 0.559100, 0.415400, 0.025500;
    ( Neutral, Down, PC ) 0.006900, 0.720800, 0.272300;
    ( Neutral, Down, Clear ) 0.001600, 0.009200, 0.989200;
    ( Dry, StrongUp, Cloudy ) 0.880200, 0.060000, 0.059800;
    ( Dry, StrongUp, PC ) 0.344500, 0.628500, 0.027000;
    ( Dry, StrongUp, Clear ) 0.119400, 0.215200, 0.665400;
    ( Dry, WeakUp, Cloudy ) 0.595100, 0.397800, 0.007100;
    ( Dry, WeakUp, PC ) 0.021200, 0.929000, 0.049800;
    ( Dry, WeakUp, Clear ) 0.002500, 0.127600, 0.869900;
    ( Dry, Neutral, Cloudy ) 0.775300, 0.188800, 0.035900;
    ( Dry, Neutral, PC ) 0.019100, 0.781500, 0.199400;
    ( Dry, Neutral, Clear ) 0.001500, 0.048700, 0.949800;
    ( Dry, Down, Cloudy ) 0.434200, 0.546500, 0.019300;
    ( Dry, Down, PC ) 0.049200, 0.661500, 0.289300;
    ( Dry, Down, Clear ) 0.005000, 0.001700, 0.993300;
};

probability ( AMInstabMt ) {
    table 0.329300, 0.338400, 0.332300;
};

probability ( InsInMt | CldShadeOth, AMInstabMt ) {
    ( Cloudy, None ) 0.878800, 0.120300, 0.000900;
    ( Cloudy, Weak ) 0.003500, 0.390800, 0.605700;
    ( Cloudy, Strong ) 0.000600, 0.044400, 0.955000;
    ( PC, None ) 0.605300, 0.381300, 0.013400;
    ( PC, Weak ) 0.000300, 0.397000, 0.602700;
    ( PC, Strong ) 0.000400, 0.000400, 0.999200;
    ( Clear, None ) 0.510000, 0.340000, 0.150000;
    ( Clear, Weak ) 0.000300, 0.159000, 0.840700;
    ( Clear, Strong ) 0.000300, 0.000300, 0.999400;
};

probability ( WndHodograph ) {
    table 0.300000, 0.250700, 0.246800, 0.202500;
};

probability ( OutflowFrMt | InsInMt, WndHodograph ) {
    ( None, DCVZFavor ) 0.997700, 0.000700, 0.001600;
    ( None, StrongWest ) 0.998000, 0.001300, 0.000700;
    ( None, Westerly ) 0.997700, 0.001500, 0.000800;
    ( None, Other ) 0.997600, 0.001100, 0.001300;
    ( Weak, DCVZFavor ) 0.501500, 0.412900, 0.085600;
    ( Weak, StrongWest ) 0.163600, 0.391100, 0.445300;
    ( Weak, Westerly ) 0.345900, 0.592000, 0.062100;
    ( Weak, Other ) 0.800600, 0.184100, 0.015300;
    ( Strong, DCVZFavor ) 0.044200, 0.445500, 0.510300;
    ( Strong, StrongWest ) 0.013400, 0.154600, 0.832000;
    ( Strong, Westerly ) 0.112500, 0.224300, 0.663200;
    ( Strong, Other ) 0.616600, 0.293200, 0.090200;
};

probability ( MorningBound ) {
    table 0.495400, 0.357700, 0.146900;
};

probability ( Boundaries | OutflowFrMt, WndHodograph, MorningBound ) {
    ( None, DCVZFavor, None ) 0.492100, 0.486600, 0.021300;
    ( None, DCVZFavor, Weak ) 0.389100, 0.415100, 0.195800;
    ( None, DCVZFavor, Strong ) 0.119000, 0.267500, 0.613500;
    ( None, StrongWest, None ) 0.739100, 0.226800, 0.034100;
    ( None, StrongWest, Weak ) 0.489300, 0.416700, 0.094000;
    ( None, StrongWest, Strong ) 0.268600, 0.384700, 0.346700;
    ( None, Westerly, None ) 0.789500, 0.198400, 0.012100;
    ( None, Westerly, Weak ) 0.355000, 0.503700, 0.141300;
    ( None, Westerly, Strong ) 0.238000, 0.382300, 0.379700;
    ( None, Other, None ) 0.725600, 0.249100, 0.025300;
    ( None, Other, Weak ) 0.273600, 0.594500, 0.131900;
    ( None, Other, Strong ) 0.040500, 0.357400, 0.602100;
    ( Weak, DCVZFavor, None ) 0.278600, 0.645600, 0.075800;
    ( Weak, DCVZFavor, Weak ) 0.105700, 0.511200, 0.383100;
    ( Weak, DCVZFavor, Strong ) 0.024100, 0.235300, 0.740600;
    ( Weak, StrongWest, None ) 0.181300, 0.707700, 0.111000;
    ( Weak, StrongWest, Weak ) 0.067800, 0.755900, 0.176300;
    ( Weak, StrongWest, Strong ) 0.090200, 0.430200, 0.479600;
    ( Weak, Westerly, None ) 0.157500, 0.712200, 0.130300;
    ( Weak, Westerly, Weak ) 0.063600, 0.773200, 0.163200;
    ( Weak, Westerly, Strong ) 0.057400, 0.483400, 0.459200;
    ( Weak, Other, None ) 0.411100, 0.516400, 0.072500;
    ( Weak, Other, Weak ) 0.239100, 0.642200, 0.118700;
    ( Weak, Other, Strong ) 0.072000, 0.287900, 0.640100;
    ( Strong, DCVZFavor, None ) 0.001100, 0.552500, 0.446400;
    ( Strong, DCVZFavor, Weak ) 0.001500, 0.406400, 0.592100;
    ( Strong, DCVZFavor, Strong ) 0.003000, 0.150400, 0.846600;
    ( Strong, StrongWest, None ) 0.000700, 0.515700, 0.483600;
    ( Strong, StrongWest, Weak ) 0.000800, 0.399100, 0.600100;
    ( Strong, StrongWest, Strong ) 0.002300, 0.199600, 0.798100;
    ( Strong, Westerly, None ) 0.000900, 0.692900, 0.306200;
    ( Strong, Westerly, Weak ) 0.001500, 0.493500, 0.505000;
    ( Strong, Westerly, Strong ) 0.003900, 0.209200, 0.786900;
    ( Strong, Other, None ) 0.011000, 0.792900, 0.196100;
    ( Strong, Other, Weak ) 0.031400, 0.417900, 0.550700;
    ( Strong, Other, Strong ) 0.029500, 0.100300, 0.870200;
};

probability ( CldShadeConv | InsInMt, WndHodograph ) {
    ( None, DCVZFavor ) 0.998100, 0.001200, 0.000700;
    ( None, StrongWest ) 0.998200, 0.000900, 0.000900;
    ( None, Westerly ) 0.998300, 0.000800, 0.000900;
    ( None, Other ) 0.997800, 0.001100, 0.001100;
    ( Weak, DCVZFavor ) 0.324500, 0.584600, 0.090900;
    ( Weak, StrongWest ) 0.200700, 0.682300, 0.117000;
    ( Weak, Westerly ) 0.516300, 0.444800, 0.038900;
    ( Weak, Other ) 0.778300, 0.208200, 0.013500;
    ( Strong, DCVZFavor ) 0.000300, 0.317000, 0.682700;
    ( Strong, StrongWest ) 0.000400, 0.198100, 0.801500;
    ( Strong, Westerly ) 0.096000, 0.494700, 0.409300;
    ( Strong, Other ) 0.509000, 0.387200, 0.103800;
};

probability ( CompPlFcst | Boundaries, CldShadeConv, AreaMeso_ALS, CldShadeOth ) {
    ( None, None, StrongUp, Cloudy ) 0.341600, 0.346700, 0.311700;
    ( None, None, StrongUp, PC ) 0.057600, 0.347300, 0.595100;
    ( None, None, StrongUp, Clear ) 0.121400, 0.337000, 0.541600;
    ( None, None, WeakUp, Cloudy ) 0.600100, 0.304400, 0.095500;
    ( None, None, WeakUp, PC ) 0.420700, 0.278200, 0.301100;
    ( None, None, WeakUp, Clear ) 0.191400, 0.544700, 0.263900;
    ( None, None, Neutral, Cloudy ) 0.645500, 0.329600, 0.024900;
    ( None, None, Neutral, PC ) 0.463800, 0.414400, 0.121800;
    ( None, None, Neutral, Clear ) 0.241500, 0.454800, 0.303700;
    ( None, None, Down, Cloudy ) 0.545200, 0.414800, 0.040000;
    ( None, None, Down, PC ) 0.639400, 0.313700, 0.046900;
    ( None, None, Down, Clear ) 0.593100, 0.364500, 0.042400;
    ( None, Some, StrongUp, Cloudy ) 0.473600, 0.232800, 0.293600;
    ( None, Some, StrongUp, PC ) 0.423800, 0.232800, 0.343400;
    ( None, Some, StrongUp, Clear ) 0.389300, 0.168500, 0.442200;
    ( None, Some, WeakUp, Cloudy ) 0.611200, 0.319200, 0.069600;
    ( None, Some, WeakUp, PC ) 0.341100, 0.382400, 0.276500;
    ( None, Some, WeakUp, Clear ) 0.293200, 0.559100, 0.147700;
    ( None, Some, Neutral, Cloudy ) 0.732000, 0.173500, 0.094500;
    ( None, Some, Neutral, PC ) 0.450900, 0.428500, 0.120600;
    ( None, Some, Neutral, Clear ) 0.301400, 0.426600, 0.272000;
    ( None, Some, Down, Cloudy ) 0.519300, 0.448000, 0.032700;
    ( None, Some, Down, PC ) 0.705400, 0.233600, 0.061000;
    ( None, Some, Down, Clear ) 0.631800, 0.320800, 0.047400;
    ( None, Marked, StrongUp, Cloudy ) 0.526300, 0.325800, 0.147900;
    ( None, Marked, StrongUp, PC ) 0.487400, 0.249200, 0.263400;
    ( None, Marked, StrongUp, Clear ) 0.292100, 0.402300, 0.305600;
    ( None, Marked, WeakUp, Cloudy ) 0.654800, 0.305100, 0.040100;
    ( None, Marked, WeakUp, PC ) 0.683900, 0.153800, 0.162300;
    ( None, Marked, WeakUp, Clear ) 0.409300, 0.366500, 0.224200;
    ( None, Marked, Neutral, Cloudy ) 0.680700, 0.275700, 0.043600;
    ( None, Marked, Neutral, PC ) 0.622900, 0.261400, 0.115700;
    ( None, Marked, Neutral, Clear ) 0.553000, 0.364600, 0.082400;
    ( None, Marked, Down, Cloudy ) 0.551700, 0.340700, 0.107600;
    ( None, Marked, Down, PC ) 0.856000, 0.111300, 0.032700;
    ( None, Marked, Down, Clear ) 0.879700, 0.107500, 0.012800;
    ( Weak, None, StrongUp, Cloudy ) 0.400900, 0.374500, 0.224600;
    ( Weak, None, StrongUp, PC ) 0.010900, 0.400500, 0.588600;
    ( Weak, None, StrongUp, Clear ) 0.042600, 0.250800, 0.706600;
    ( Weak, None, WeakUp, Cloudy ) 0.450600, 0.249800, 0.299600;
    ( Weak, None, WeakUp, PC ) 0.308400, 0.360600, 0.331000;
    ( Weak, None, WeakUp, Clear ) 0.118100, 0.532900, 0.349000;
    ( Weak, None, Neutral, Cloudy ) 0.527600, 0.257400, 0.215000;
    ( Weak, None, Neutral, PC ) 0.378200, 0.408000, 0.213800;
    ( Weak, None, Neutral, Clear ) 0.180400, 0.421100, 0.398500;
    ( Weak, None, Down, Cloudy ) 0.526500, 0.436600, 0.036900;
    ( Weak, None, Down, PC ) 0.603800, 0.287600, 0.108600;
    ( Weak, None, Down, Clear ) 0.663700, 0.219800, 0.116500;
    ( Weak, Some, StrongUp, Cloudy ) 0.327000, 0.346200, 0.326800;
    ( Weak, Some, StrongUp, PC ) 0.084700, 0.292600, 0.622700;
    ( Weak, Some, StrongUp, Clear ) 0.096900, 0.230600, 0.672500;
    ( Weak, Some, WeakUp, Cloudy ) 0.528100, 0.285900, 0.186000;
    ( Weak, Some, WeakUp, PC ) 0.409000, 0.350400, 0.240600;
    ( Weak, Some, WeakUp, Clear ) 0.174600, 0.490000, 0.335400;
    ( Weak, Some, Neutral, Cloudy ) 0.569000, 0.316700, 0.114300;
    ( Weak, Some, Neutral, PC ) 0.454000, 0.405300, 0.140700;
    ( Weak, Some, Neutral, Clear ) 0.263700, 0.455200, 0.281100;
    ( Weak, Some, Down, Cloudy ) 0.655900, 0.256900, 0.087200;
    ( Weak, Some, Down, PC ) 0.580500, 0.293900, 0.125600;
    ( Weak, Some, Down, Clear ) 0.634500, 0.323400, 0.042100;
    ( Weak, Marked, StrongUp, Cloudy ) 0.412100, 0.389100, 0.198800;
    ( Weak, Marked, StrongUp, PC ) 0.242700, 0.558700, 0.198600;
    ( Weak, Marked, StrongUp, Clear ) 0.141400, 0.384700, 0.473900;
    ( Weak, Marked, WeakUp, Cloudy ) 0.588600, 0.314900, 0.096500;
    ( Weak, Marked, WeakUp, PC ) 0.440000, 0.375000, 0.185000;
    ( Weak, Marked, WeakUp, Clear ) 0.295200, 0.518500, 0.186300;
    ( Weak, Marked, Neutral, Cloudy ) 0.579400, 0.307600, 0.113000;
    ( Weak, Marked, Neutral, PC ) 0.548500, 0.298000, 0.153500;
    ( Weak, Marked, Neutral, Clear ) 0.466900, 0.285700, 0.247400;
    ( Weak, Marked, Down, Cloudy ) 0.640700, 0.249200, 0.110100;
    ( Weak, Marked, Down, PC ) 0.751600, 0.180700, 0.067700;
    ( Weak, Marked, Down, Clear ) 0.673800, 0.253200, 0.073000;
    ( Strong, None, StrongUp, Cloudy ) 0.440100, 0.267400, 0.292500;
    ( Strong, None, StrongUp, PC ) 0.023300, 0.205400, 0.771300;
    ( Strong, None, StrongUp, Clear ) 0.121000, 0.287000, 0.592000;
    ( Strong, None, WeakUp, Cloudy ) 0.294300, 0.428300, 0.277400;
    ( Strong, None, WeakUp, PC ) 0.160000, 0.374700, 0.465300;
    ( Strong, None, WeakUp, Clear ) 0.095600, 0.275000, 0.629400;
    ( Strong, None, Neutral, Cloudy ) 0.594000, 0.176800, 0.229200;
    ( Strong, None, Neutral, PC ) 0.276200, 0.405200, 0.318600;
    ( Strong, None, Neutral, Clear ) 0.116100, 0.448300, 0.435600;
    ( Strong, None, Down, Cloudy ) 0.772900, 0.112300, 0.114800;
    ( Strong, None, Down, PC ) 0.430700, 0.295900, 0.273400;
    ( Strong, None, Down, Clear ) 0.436300, 0.354300, 0.209400;
    ( Strong, Some, StrongUp, Cloudy ) 0.375100, 0.287800, 0.337100;
    ( Strong, Some, StrongUp, PC ) 0.095600, 0.622900, 0.281500;
    ( Strong, Some, StrongUp, Clear ) 0.067200, 0.380400, 0.552400;
    ( Strong, Some, WeakUp, Cloudy ) 0.400800, 0.226200, 0.373000;
    ( Strong, Some, WeakUp, PC ) 0.198200, 0.439000, 0.362800;
    ( Strong, Some, WeakUp, Clear ) 0.164200, 0.372600, 0.463200;
    ( Strong, Some, Neutral, Cloudy ) 0.573100, 0.194100, 0.232800;
    ( Strong, Some, Neutral, PC ) 0.370900, 0.414100, 0.215000;
    ( Strong, Some, Neutral, Clear ) 0.182500, 0.467600, 0.349900;
    ( Strong, Some, Down, Cloudy ) 0.327000, 0.538900, 0.134100;
    ( Strong, Some, Down, PC ) 0.507700, 0.305400, 0.186900;
    ( Strong, Some, Down, Clear ) 0.495000, 0.396900, 0.108100;
    ( Strong, Marked, StrongUp, Cloudy ) 0.257100, 0.414100, 0.328800;
    ( Strong, Marked, StrongUp, PC ) 0.163600, 0.329500, 0.506900;
    ( Strong, Marked, StrongUp, Clear ) 0.222900, 0.222800, 0.554300;
    ( Strong, Marked, WeakUp, Cloudy ) 0.438700, 0.342300, 0.219000;
    ( Strong, Marked, WeakUp, PC ) 0.334100, 0.415300, 0.250600;
    ( Strong, Marked, WeakUp, Clear ) 0.178000, 0.411100, 0.410900;
    ( Strong, Marked, Neutral, Cloudy ) 0.457400, 0.449500, 0.093100;
    ( Strong, Marked, Neutral, PC ) 0.398500, 0.377900, 0.223600;
    ( Strong, Marked, Neutral, Clear ) 0.382100, 0.407900, 0.210000;
    ( Strong, Marked, Down, Cloudy ) 0.671000, 0.229200, 0.099800;
    ( Strong, Marked, Down, PC ) 0.696300, 0.251200, 0.052500;
    ( Strong, Marked, Down, Clear ) 0.573800, 0.324800, 0.101400;
};

probability ( CapChange | CompPlFcst ) {
    ( IncCapDecIns ) 0.000100, 0.000100, 0.999800;
    ( LittleChange ) 0.000100, 0.999800, 0.000100;
    ( DecCapIncIns ) 0.999600, 0.000200, 0.000200;
};

probability ( LoLevMoistAd ) {
    table 0.127200, 0.281000, 0.293800, 0.298000;
};

probability ( InsChange | LoLevMoistAd, CompPlFcst ) {
    ( StrongPos, IncCapDecIns ) 0.000900, 0.061900, 0.937200;
    ( StrongPos, LittleChange ) 0.001000, 0.111600, 0.887400;
    ( StrongPos, DecCapIncIns ) 0.050600, 0.116500, 0.832900;
    ( WeakPos, IncCapDecIns ) 0.047100, 0.164000, 0.788900;
    ( WeakPos, LittleChange ) 0.100600, 0.409400, 0.490000;
    ( WeakPos, DecCapIncIns ) 0.222800, 0.524200, 0.253000;
    ( Neutral, IncCapDecIns ) 0.133100, 0.496400, 0.370500;
    ( Neutral, LittleChange ) 0.189100, 0.602400, 0.208500;
    ( Neutral, DecCapIncIns ) 0.366700, 0.497300, 0.136000;
    ( Negative, IncCapDecIns ) 0.512800, 0.388200, 0.099000;
    ( Negative, LittleChange ) 0.812500, 0.145400, 0.042100;
    ( Negative, DecCapIncIns ) 0.889200, 0.102300, 0.008500;
};

probability ( MountainFcst | InsInMt ) {
    ( None ) 0.999600, 0.000200, 0.000200;
    ( Weak ) 0.474200, 0.507800, 0.018000;
    ( Strong ) 0.197200, 0.508900, 0.293900;
};

probability ( Date ) {
    table 0.253700, 0.127200, 0.104200, 0.214300, 0.073900, 0.226700;
};

probability ( Scenario | Date ) {
    ( May15_Jun14 ) 0.097000, 0.157100, 0.107200, 0.089900, 0.078600, 0.011500, 0.080700, 0.097300, 0.089900, 0.026000, 0.164800;
    ( Jun15_Jul1 ) 0.040300, 0.159900, 0.093600, 0.103600, 0.125700, 0.015200, 0.126900, 0.054600, 0.077300, 0.104800, 0.098100;
    ( Jul2_Jul15 ) 0.033900, 0.109400, 0.094200, 0.082500, 0.164600, 0.031300, 0.143000, 0.039700, 0.070600, 0.143600, 0.087200;
    ( Jul16_Aug10 ) 0.040300, 0.131900, 0.091500, 0.065300, 0.201800, 0.077700, 0.060400, 0.050300, 0.075500, 0.123400, 0.081900;
    ( Aug11_Aug20 ) 0.044900, 0.126500, 0.118600, 0.070100, 0.158800, 0.045700, 0.091300, 0.051400, 0.083700, 0.126400, 0.082600;
    ( Aug20_Sep15 ) 0.047300, 0.107900, 0.103400, 0.085600, 0.105300, 0.020100, 0.104600, 0.070600, 0.080800, 0.106300, 0.168100;
};

probability ( ScenRelAMCIN | Scenario ) {
    ( A ) 0.999200, 0.000800;
    ( B ) 0.999700, 0.000300;
    ( C ) 0.000400, 0.999600;
    ( D ) 0.000500, 0.999500;
    ( E ) 0.000300, 0.999700;
    ( F ) 0.001300, 0.998700;
    ( G ) 0.000500, 0.999500;
    ( H ) 0.000600, 0.999400;
    ( I ) 0.000600, 0.999400;
    ( J ) 0.000500, 0.999500;
    ( K ) 0.000300, 0.999700;
};

probability ( MorningCIN ) {
    table 0.149700, 0.569200, 0.201800, 0.079300;
};

probability ( AMCINInScen | ScenRelAMCIN, MorningCIN ) {
    ( AB, None ) 0.996800, 0.001600, 0.001600;
    ( AB, PartInhibit ) 0.589200, 0.384100, 0.026700;
    ( AB, Stifling ) 0.231600, 0.501000, 0.267400;
    ( AB, TotalInhibit ) 0.003000, 0.095700, 0.901300;
    ( CThruK, None ) 0.733100, 0.266500, 0.000400;
    ( CThruK, PartInhibit ) 0.304600, 0.592700, 0.102700;
    ( CThruK, Stifling ) 0.012100, 0.398200, 0.589700;
    ( CThruK, TotalInhibit ) 0.000700, 0.034500, 0.964800;
};

probability ( CapInScen | AMCINInScen, CapChange ) {
    ( LessThanAve, Decreasing ) 0.998800, 0.000600, 0.000600;
    ( LessThanAve, LittleChange ) 0.979200, 0.020400, 0.000400;
    ( LessThanAve, Increasing ) 0.330400, 0.374300, 0.295300;
    ( Average, Decreasing ) 0.735000, 0.264500, 0.000500;
    ( Average, LittleChange ) 0.035300, 0.929900, 0.034800;
    ( Average, Increasing ) 0.000300, 0.243100, 0.756600;
    ( MoreThanAve, Decreasing ) 0.287400, 0.363300, 0.349300;
    ( MoreThanAve, LittleChange ) 0.000500, 0.026900, 0.972600;
    ( MoreThanAve, Increasing ) 0.000500, 0.000600, 0.998900;
};

probability ( ScenRelAMIns | Scenario ) {
    ( A ) 0.996000, 0.000800, 0.000800, 0.000800, 0.000800, 0.000800;
    ( B ) 0.998500, 0.000300, 0.000300, 0.000300, 0.000300, 0.000300;
    ( C ) 0.000400, 0.998000, 0.000400, 0.000400, 0.000400, 0.000400;
    ( D ) 0.000500, 0.997500, 0.000500, 0.000500, 0.000500, 0.000500;
    ( E ) 0.000300, 0.998500, 0.000300, 0.000300, 0.000300, 0.000300;
    ( F ) 0.001300, 0.001400, 0.993200, 0.001300, 0.001400, 0.001400;
    ( G ) 0.000500, 0.000400, 0.000500, 0.997600, 0.000500, 0.000500;
    ( H ) 0.000600, 0.000600, 0.000700, 0.000700, 0.996800, 0.000600;
    ( I ) 0.997400, 0.000500, 0.000500, 0.000500, 0.000500, 0.000600;
    ( J ) 0.000500, 0.997500, 0.000500, 0.000500, 0.000500, 0.000500;
    ( K ) 0.000300, 0.000300, 0.000300, 0.000300, 0.000300, 0.998500;
};

probability ( LIfr12ZDENSd ) {
    table 0.098200, 0.527400, 0.295900, 0.078500;
};

probability ( AMDewptCalPl ) {
    table 0.293000, 0.251200, 0.455800;
};

probability ( AMInsWliScen | ScenRelAMIns, LIfr12ZDENSd, AMDewptCalPl ) {
    ( ABI, LIGt0, Instability ) 0.544800, 0.318400, 0.136800;
    ( ABI, LIGt0, Neutral ) 0.846200, 0.126800, 0.027000;
    ( ABI, LIGt0, Stability ) 0.932100, 0.056600, 0.011300;
    ( ABI, N1GtLIGt_4, Instability ) 0.320300, 0.295100, 0.384600;
    ( ABI, N1GtLIGt_4, Neutral ) 0.474000, 0.281400, 0.244600;
    ( ABI, N1GtLIGt_4, Stability ) 0.767200, 0.186300, 0.046500;
    ( ABI, N5GtLIGt_8, Instability ) 0.078000, 0.238600, 0.683400;
    ( ABI, N5GtLIGt_8, Neutral ) 0.163300, 0.447900, 0.388800;
    ( ABI, N5GtLIGt_8, Stability ) 0.527700, 0.397400, 0.074900;
    ( ABI, LILt_8, Instability ) 0.008200, 0.082200, 0.909600;
    ( ABI, LILt_8, Neutral ) 0.006700, 0.144500, 0.848800;
    ( ABI, LILt_8, Stability ) 0.366000, 0.299800, 0.334200;
    ( CDEJ, LIGt0, Instability ) 0.387800, 0.267500, 0.344700;
    ( CDEJ, LIGt0, Neutral ) 0.657700, 0.257700, 0.084600;
    ( CDEJ, LIGt0, Stability ) 0.862600, 0.096800, 0.040600;
    ( CDEJ, N1GtLIGt_4, Instability ) 0.154100, 0.297500, 0.548400;
    ( CDEJ, N1GtLIGt_4, Neutral ) 0.234000, 0.515900, 0.250100;
    ( CDEJ, N1GtLIGt_4, Stability ) 0.606300, 0.304000, 0.089700;
    ( CDEJ, N5GtLIGt_8, Instability ) 0.026100, 0.164200, 0.809700;
    ( CDEJ, N5GtLIGt_8, Neutral ) 0.217400, 0.308400, 0.474200;
    ( CDEJ, N5GtLIGt_8, Stability ) 0.450500, 0.404500, 0.145000;
    ( CDEJ, LILt_8, Instability ) 0.028500, 0.059900, 0.911600;
    ( CDEJ, LILt_8, Neutral ) 0.019200, 0.143600, 0.837200;
    ( CDEJ, LILt_8, Stability ) 0.291600, 0.278500, 0.429900;
    ( F, LIGt0, Instability ) 0.276000, 0.369800, 0.354200;
    ( F, LIGt0, Neutral ) 0.569800, 0.383800, 0.046400;
    ( F, LIGt0, Stability ) 0.724800, 0.178200, 0.097000;
    ( F, N1GtLIGt_4, Instability ) 0.149000, 0.309900, 0.541100;
    ( F, N1GtLIGt_4, Neutral ) 0.188300, 0.654600, 0.157100;
    ( F, N1GtLIGt_4, Stability ) 0.524900, 0.405500, 0.069600;
    ( F, N5GtLIGt_8, Instability ) 0.011500, 0.021300, 0.967200;
    ( F, N5GtLIGt_8, Neutral ) 0.058600, 0.451000, 0.490400;
    ( F, N5GtLIGt_8, Stability ) 0.347600, 0.464900, 0.187500;
    ( F, LILt_8, Instability ) 0.051100, 0.051100, 0.897800;
    ( F, LILt_8, Neutral ) 0.069000, 0.069300, 0.861700;
    ( F, LILt_8, Stability ) 0.044800, 0.504800, 0.450400;
    ( G, LIGt0, Instability ) 0.301400, 0.396600, 0.302000;
    ( G, LIGt0, Neutral ) 0.560300, 0.386100, 0.053600;
    ( G, LIGt0, Stability ) 0.714100, 0.249800, 0.036100;
    ( G, N1GtLIGt_4, Instability ) 0.143700, 0.326500, 0.529800;
    ( G, N1GtLIGt_4, Neutral ) 0.172400, 0.635100, 0.192500;
    ( G, N1GtLIGt_4, Stability ) 0.124600, 0.693000, 0.182400;
    ( G, N5GtLIGt_8, Instability ) 0.081600, 0.235700, 0.682700;
    ( G, N5GtLIGt_8, Neutral ) 0.134600, 0.525600, 0.339800;
    ( G, N5GtLIGt_8, Stability ) 0.108700, 0.712800, 0.178500;
    ( G, LILt_8, Instability ) 0.068800, 0.075100, 0.856100;
    ( G, LILt_8, Neutral ) 0.075800, 0.295000, 0.629200;
    ( G, LILt_8, Stability ) 0.102600, 0.203200, 0.694200;
    ( H, LIGt0, Instability ) 0.388200, 0.535500, 0.076300;
    ( H, LIGt0, Neutral ) 0.664800, 0.173300, 0.161900;
    ( H, LIGt0, Stability ) 0.533600, 0.450000, 0.016400;
    ( H, N1GtLIGt_4, Instability ) 0.075700, 0.276700, 0.647600;
    ( H, N1GtLIGt_4, Neutral ) 0.205900, 0.416000, 0.378100;
    ( H, N1GtLIGt_4, Stability ) 0.458100, 0.422800, 0.119100;
    ( H, N5GtLIGt_8, Instability ) 0.043300, 0.188000, 0.768700;
    ( H, N5GtLIGt_8, Neutral ) 0.018700, 0.327600, 0.653700;
    ( H, N5GtLIGt_8, Stability ) 0.121700, 0.411400, 0.466900;
    ( H, LILt_8, Instability ) 0.032400, 0.177900, 0.789700;
    ( H, LILt_8, Neutral ) 0.024800, 0.151100, 0.824100;
    ( H, LILt_8, Stability ) 0.163300, 0.347900, 0.488800;
    ( K, LIGt0, Instability ) 0.321400, 0.564700, 0.113900;
    ( K, LIGt0, Neutral ) 0.392700, 0.555700, 0.051600;
    ( K, LIGt0, Stability ) 0.466800, 0.397700, 0.135500;
    ( K, N1GtLIGt_4, Instability ) 0.087400, 0.363800, 0.548800;
    ( K, N1GtLIGt_4, Neutral ) 0.242300, 0.521000, 0.236700;
    ( K, N1GtLIGt_4, Stability ) 0.313900, 0.537300, 0.148800;
    ( K, N5GtLIGt_8, Instability ) 0.057700, 0.183900, 0.758400;
    ( K, N5GtLIGt_8, Neutral ) 0.103400, 0.404800, 0.491800;
    ( K, N5GtLIGt_8, Stability ) 0.166100, 0.302800, 0.531100;
    ( K, LILt_8, Instability ) 0.024900, 0.142900, 0.832200;
    ( K, LILt_8, Neutral ) 0.064600, 0.180400, 0.755000;
    ( K, LILt_8, Stability ) 0.068100, 0.349200, 0.582700;
};

probability ( InsSclInScen | AMInsWliScen, InsChange ) {
    ( LessUnstable, Decreasing ) 0.998800, 0.000700, 0.000500;
    ( LessUnstable, LittleChange ) 0.902000, 0.097500, 0.000500;
    ( LessUnstable, Increasing ) 0.386500, 0.348400, 0.265100;
    ( Average, Decreasing ) 0.552300, 0.447200, 0.000500;
    ( Average, LittleChange ) 0.148200, 0.699100, 0.152700;
    ( Average, Increasing ) 0.000500, 0.390700, 0.608800;
    ( MoreUnstable, Decreasing ) 0.235800, 0.356500, 0.407700;
    ( MoreUnstable, LittleChange ) 0.000500, 0.103400, 0.896100;
    ( MoreUnstable, Increasing ) 0.000600, 0.000600, 0.998800;
};

probability ( ScenRel3_4 | Scenario ) {
    ( A ) 0.996800, 0.000800, 0.000800, 0.000800, 0.000800;
    ( B ) 0.000300, 0.998800, 0.000300, 0.000300, 0.000300;
    ( C ) 0.998400, 0.000400, 0.000400, 0.000400, 0.000400;
    ( D ) 0.000500, 0.000500, 0.998000, 0.000500, 0.000500;
    ( E ) 0.998800, 0.000300, 0.000300, 0.000300, 0.000300;
    ( F ) 0.994800, 0.001300, 0.001300, 0.001300, 0.001300;
    ( G ) 0.000500, 0.000500, 0.000500, 0.998000, 0.000500;
    ( H ) 0.000700, 0.000600, 0.000700, 0.000700, 0.997300;
    ( I ) 0.000500, 0.000500, 0.000500, 0.000500, 0.998000;
    ( J ) 0.000500, 0.000500, 0.000500, 0.998000, 0.000500;
    ( K ) 0.998800, 0.000300, 0.000300, 0.000300, 0.000300;
};

probability ( LatestCIN ) {
    table 0.404600, 0.399100, 0.148300, 0.048000;
};

probability ( LLIW ) {
    table 0.126200, 0.311500, 0.380600, 0.181700;
};

probability ( CurPropConv | LatestCIN, LLIW ) {
    ( None, Unfavorable ) 0.694700, 0.284000, 0.020400, 0.000900;
    ( None, Weak ) 0.116100, 0.481500, 0.299100, 0.103300;
    ( None, Moderate ) 0.010600, 0.147700, 0.330900, 0.510800;
    ( None, Strong ) 0.000800, 0.020600, 0.178100, 0.800500;
    ( PartInhibit, Unfavorable ) 0.884600, 0.105200, 0.009400, 0.000800;
    ( PartInhibit, Weak ) 0.623900, 0.263700, 0.102900, 0.009500;
    ( PartInhibit, Moderate ) 0.245800, 0.346700, 0.315400, 0.092100;
    ( PartInhibit, Strong ) 0.010700, 0.151600, 0.335700, 0.502000;
    ( Stifling, Unfavorable ) 0.944800, 0.050900, 0.002100, 0.002200;
    ( Stifling, Weak ) 0.750700, 0.217100, 0.031100, 0.001100;
    ( Stifling, Moderate ) 0.410500, 0.392800, 0.172400, 0.024300;
    ( Stifling, Strong ) 0.233800, 0.313500, 0.325000, 0.127700;
    ( TotalInhibit, Unfavorable ) 0.965500, 0.015500, 0.009600, 0.009400;
    ( TotalInhibit, Weak ) 0.933900, 0.059600, 0.003300, 0.003200;
    ( TotalInhibit, Moderate ) 0.753900, 0.205200, 0.038700, 0.002200;
    ( TotalInhibit, Strong ) 0.390800, 0.441300, 0.084600, 0.083300;
};

probability ( ScnRelPlFcst | Scenario ) {
    ( A ) 0.992000, 0.000800, 0.000800, 0.000800, 0.000800, 0.000800, 0.000800, 0.000800, 0.000800, 0.000800, 0.000800;
    ( B ) 0.000300, 0.997000, 0.000300, 0.000300, 0.000300, 0.000300, 0.000300, 0.000300, 0.000300, 0.000300, 0.000300;
    ( C ) 0.000400, 0.000400, 0.995800, 0.000500, 0.000500, 0.000400, 0.000400, 0.000400, 0.000400, 0.000400, 0.000400;
    ( D ) 0.000500, 0.000500, 0.000500, 0.995000, 0.000500, 0.000500, 0.000500, 0.000500, 0.000500, 0.000500, 0.000500;
    ( E ) 0.000300, 0.000300, 0.000300, 0.000300, 0.997000, 0.000300, 0.000300, 0.000300, 0.000300, 0.000300, 0.000300;
    ( F ) 0.001300, 0.001300, 0.001300, 0.001300, 0.001400, 0.986500, 0.001400, 0.001400, 0.001300, 0.001400, 0.001400;
    ( G ) 0.000500, 0.000500, 0.000500, 0.000500, 0.000500, 0.000500, 0.995000, 0.000500, 0.000500, 0.000500, 0.000500;
